Date,Open,High,Low,Close,Volume,Dividends,Stock Splits
2013-02-01,29.214400469769938,29.43698616583658,28.259135309649306,28.75995445251465,66789100,0.0,0.0
2013-02-04,28.834146674341444,29.668843389690064,28.528091153081824,28.76922607421875,7695400,0.0,0.0
2013-02-05,28.98254067863266,29.659572404336583,28.61156451173694,28.787778854370117,5013200,0.0,0.0
2013-02-06,28.73212648426727,29.149475710537136,28.51881544370872,28.778499603271484,2126100,0.0,0.0
2013-02-07,28.75068211555481,30.35515524132552,28.75068211555481,29.678123474121094,3800800,0.0,0.0
2013-02-08,29.965619779210705,31.050724043612565,29.95634338804627,30.65192413330078,2599300,0.0,0.0
2013-02-11,30.661207627560916,31.06928048566627,30.494267926993395,30.84669303894043,1487200,0.0,0.0
2013-02-12,30.976528613986627,31.532991759281987,30.744668380462496,31.291858673095703,1637300,0.0,0.0
2013-02-13,31.347514309875677,31.347514309875677,30.605561999292547,31.11565399169922,1269700,0.0,0.0
2013-02-14,30.967266168983876,31.022913923735963,30.39225352151095,30.855974197387695,2954500,0.0,0.0
2013-02-15,30.8930568478811,31.616459598906427,30.605548902724433,31.514440536499023,5415400,0.0,0.0
2013-02-19,31.551550832943576,31.59792218651492,31.134201574986488,31.384611129760742,1206900,0.0,0.0
2013-02-20,31.384621665735008,31.421720176209238,30.234592606394692,30.345888137817383,1842900,0.0,0.0
2013-02-21,30.141844843053214,30.420076549407472,29.548282926055307,30.197492599487305,3242300,0.0,0.0
2013-02-22,30.401520010878922,30.54063759966755,30.141837618907882,30.22530746459961,954500,0.0,0.0
2013-02-25,30.308777859892135,30.31805071495614,29.678117578320244,29.743038177490234,818900,0.0,0.0
2013-02-26,29.724490445869097,30.04909699618638,29.668844467877957,29.71521759033203,1048700,0.0,0.0
2013-02-27,29.678114614185624,30.651927042382198,29.678114614185624,29.974895477294922,1343600,0.0,0.0
2013-02-28,30.197487054063586,31.115651870212957,30.197487054063586,31.02290916442871,2991400,0.0,0.0
2013-03-01,30.939444594862064,32.182216169189765,30.744682756728363,32.08946990966797,2334000,0.0,0.0
2013-03-04,32.27494264943689,32.358412472048876,31.755578009101207,31.857593536376953,865400,0.0,0.0
2013-03-05,31.913261516338366,31.978182137579147,31.301150274704924,31.801969528198242,1413400,0.0,0.0
2013-03-06,31.848330489581237,31.88542898614326,31.393882751464844,31.393882751464844,802000,0.0,0.0
2013-03-07,31.486624735956717,32.163656286097556,31.12492328814652,32.052364349365234,1320000,0.0,0.0
2013-03-08,31.56081497585147,32.172925872574055,31.34750397798369,31.61646270751953,1541100,0.0,0.0
2013-03-11,31.505183616509594,31.774138917704548,30.837424716090766,31.6999454498291,1729400,0.0,0.0
2013-03-12,31.644293826157476,31.755589321223834,31.16202396125918,31.36606216430664,1557600,0.0,0.0
2013-03-13,31.44025443730061,31.588644870520085,30.67975302481243,31.532997131347656,2240800,0.0,0.0
2013-03-14,31.839055724837525,32.849963161218,31.81123008513118,32.12656021118164,1865200,0.0,0.0
2013-03-15,32.18221364846344,32.31205486371588,30.893070814303158,31.013635635375977,2692100,0.0,0.0
2013-03-18,30.373696829027104,30.549909369045125,30.271677739261417,30.45716667175293,2372000,0.0,0.0
2013-03-19,30.420072555541992,30.99508514490153,29.984177570048814,30.420072555541992,1336200,0.0,0.0
2013-03-20,30.512816100666676,31.10637788714626,30.14183821516328,31.07855224609375,1944000,0.0,0.0
2013-03-21,31.440260061202014,31.533002771838486,30.87452032775969,31.041460037231445,514500,0.0,0.0
2013-03-22,31.115640602712034,31.301129485019306,30.364415759331514,30.716840744018555,763300,0.0,0.0
2013-03-25,31.050730580056253,31.050730580056253,29.909978342249573,30.104740142822266,1324600,0.0,0.0
2013-03-26,30.355149797204607,30.410797542385183,29.67811815142413,30.151111602783203,1396500,0.0,0.0
2013-03-27,30.030544383375734,30.503537796749374,29.733763508728135,30.364423751831055,1896800,0.0,0.0
2013-03-28,30.466434706935093,31.06927275769478,30.262400097586397,30.976530075073242,7434900,0.0,0.0
2013-04-01,30.995081785616872,31.15274862210447,30.076917020915122,30.22530746459961,1466300,0.0,0.0
2013-04-02,30.29023054278415,30.72612905463352,30.104741588513726,30.18821144104004,712200,0.0,0.0
2013-04-03,30.299499852309626,30.5870078746754,30.011995367850975,30.169658660888672,1409700,0.0,0.0
2013-04-04,30.058363312030746,30.141833145334093,29.4091538905499,29.529722213745117,1946400,0.0,0.0
2013-04-05,29.427710663926522,29.743040832864246,28.35187894718151,29.641021728515625,3963500,0.0,0.0
2013-04-08,29.63174327517871,30.58700645743425,29.46480359739913,30.53135871887207,1965200,0.0,0.0
2013-04-09,30.65193409634197,31.15275324480803,30.197489842958447,31.013635635375977,2004400,0.0,0.0
2013-04-10,31.310416623879224,31.310416623879224,30.587013544492066,30.744680404663086,969500,0.0,0.0
2013-04-11,30.809595953989348,30.828145201429155,30.4849894306535,30.753948211669922,1826600,0.0,0.0
2013-04-12,30.577741174800472,30.930166325905816,30.234585342223607,30.81887435913086,723500,0.0,0.0
2013-04-15,30.670477724304096,30.818868162805163,29.835779296543635,29.90070343017578,839500,0.0,0.0
2013-04-16,30.01199053551301,30.948704364159912,29.947069950255628,30.80031394958496,2271200,0.0,0.0
2013-04-17,30.58701371244799,30.818874037925532,29.83578498425396,30.503543853759766,3140500,0.0,0.0
2013-04-18,30.698302906734945,30.698302906734945,30.030547635419385,30.114017486572266,799900,0.0,0.0
2013-04-19,30.33660125732422,30.410798252631196,29.50190451861176,30.33660125732422,2159300,0.0,0.0
2013-04-22,30.512817244591584,30.512817244591584,29.882156938336756,30.29022979736328,922100,0.0,0.0
2013-04-23,30.401523725074114,30.56846343685282,29.21440003056571,29.39988899230957,2731700,0.0,0.0
2013-04-24,29.334966613910535,29.390614363799315,28.212763525461025,28.398252487182617,4149300,0.0,0.0
2013-04-25,28.685752602410865,29.668839642135936,28.518812926637022,29.260765075683594,1520600,0.0,0.0
2013-04-26,29.316413813840473,30.308775510406758,29.316413813840473,30.271677017211914,1421800,0.0,0.0
2013-04-29,30.620155710562365,30.620155710562365,29.895305928173087,30.35066032409668,1711600,0.065,0.0
2013-04-30,31.298545483773623,32.283595985382824,30.601576692202002,30.685213088989258,3390300,0.0,0.0
2013-05-01,30.638753762063594,31.140568672345484,30.350672009242764,31.029054641723633,1393100,0.0,0.0
2013-05-02,31.019750121216283,31.475100954280798,30.768841000052614,30.92681884765625,696300,0.0,0.0
2013-05-03,31.2427973906022,31.26138365679738,30.666637318422815,30.861787796020508,998400,0.0,0.0
2013-05-06,30.99187792327277,31.121981743856633,30.43430430063707,30.610868453979492,503700,0.0,0.0
2013-05-07,30.740969973350868,30.740969973350868,30.006828707362565,30.555110931396484,700700,0.0,0.0
2013-05-08,30.666625090363944,31.07551214871423,30.4064245573198,30.908239364624023,1034100,0.0,0.0
2013-05-09,30.954704468856402,31.28924646704885,30.926823310282437,31.177732467651367,977200,0.0,0.0
2013-05-10,31.16844604780307,31.233496186501224,30.63875003556569,30.833900451660156,534100,0.0,0.0
2013-05-13,30.72239027877648,31.121986063617438,30.43430852494759,30.70380401611328,438700,0.0,0.0
2013-05-14,30.787436397015437,31.363596284314397,30.527232298746014,30.7409725189209,872300,0.0,0.0
2013-05-15,30.610865312719017,30.722382861775632,30.257737042271884,30.471473693847656,563200,0.0,0.0
2013-05-16,31.1126910509318,31.41006416256815,30.81531793929545,31.029054641723633,1278700,0.0,0.0
2013-05-17,30.99188306994685,31.50299644470215,30.843196509554552,31.50299644470215,962200,0.0,0.0
2013-05-20,31.50299326216151,31.595921023656103,31.224202887743992,31.326425552368164,735700,0.0,0.0
2013-05-21,31.196327569303104,31.354309029456733,30.65734013193885,30.70380401611328,1692400,0.0,0.0
2013-05-22,30.24844086775138,31.586623040385682,29.505008296824617,31.177732467651367,26006000,0.0,0.0
2013-05-23,30.898944194835778,31.41005384094513,30.39712590448872,30.517934799194336,9008500,0.0,0.0
2013-05-24,30.85248855064308,31.242789406091887,30.229861199612543,31.09410285949707,5911600,0.0,0.0
2013-05-28,31.410077530161526,31.856137387451522,31.21492700727877,31.83755111694336,4960300,0.0,0.0
2013-05-29,31.8282355462629,31.8282355462629,30.555107117002844,30.62015724182129,3095700,0.0,0.0
2013-05-30,30.452900383190723,30.759564911063876,29.830272876953575,29.960376739501953,3934100,0.0,0.0
2013-05-31,30.016125864092373,30.053298388659186,29.551479941908383,29.73733901977539,6512400,0.0,0.0
2013-06-03,29.7466277277014,30.51794159137897,29.09612455810049,30.43430519104004,3398000,0.0,0.0
2013-06-04,30.508652240127542,30.657338789957464,29.58865177589011,30.10905647277832,4513400,0.0,0.0
2013-06-05,30.127640039862555,30.127640039862555,29.505016202681503,29.89531707763672,3522300,0.0,0.0
2013-06-06,29.89531651644813,30.02542035062466,29.309865215005278,29.811683654785156,2918200,0.0,0.0
2013-06-07,29.97895779564426,30.05330285582865,29.003201923013428,29.27269744873047,5134200,0.0,0.0
2013-06-10,29.579358675596556,29.839561024310115,29.244813051891047,29.74662971496582,4992100,0.0,0.0
2013-06-11,29.45854949951172,29.755922579099423,29.17976090803572,29.45854949951172,6367500,0.0,0.0
2013-06-12,29.690874073206047,29.765215574710158,29.179762513618407,29.30057144165039,7648500,0.0,0.0
2013-06-13,29.24481121943408,29.319154489767737,28.687237578173345,28.96602439880371,5849800,0.0,0.0
2013-06-14,28.808045729303874,29.04966180940895,28.445622495387976,28.6221866607666,10665000,0.0,0.0
2013-06-17,29.179764856793895,29.51431050284421,28.53855295935866,28.770875930786133,26785600,0.0,0.0
2013-06-18,29.11471232564321,29.17046933792724,28.761582217866412,28.975318908691406,24286200,0.0,0.0
2013-06-19,28.863809086814722,29.031081930777873,28.64077921902513,28.80805206298828,23483400,0.0,0.0
2013-06-20,28.70582005169228,28.84521522470747,27.925214881733535,28.055316925048828,14938500,0.0,0.0
2013-06-21,28.38985942687852,28.891677772707126,28.19470902960062,28.436325073242188,33694200,0.0,0.0
2013-06-24,28.018152993575104,28.343405542825597,27.321184004817095,28.231889724731445,40766000,0.0,0.0
2013-06-25,28.62218727369256,29.384208053026814,28.34340043740005,29.263399124145508,13511100,0.0,0.0
2013-06-26,29.551468962592452,29.64439846699967,28.733693223271224,28.7801570892334,23779700,0.0,0.0
2013-06-27,29.235523113062495,29.281988772808035,28.612899224825387,28.68724250793457,16734600,0.0,0.0
2013-06-28,28.715111305362285,29.17046399600835,28.38056752043887,28.70581817626953,19415100,0.0,0.0
2013-07-01,28.826632905181008,28.863803656577645,27.999561973683058,28.44562339782715,17601000,0.0,0.0
2013-07-02,28.08319253701467,28.650061000861037,27.525618974687966,27.59996223449707,11157300,0.0,0.0
2013-07-03,27.57208854334177,27.637138687552667,26.92158355626581,27.209665298461914,12930000,0.0,0.0
2013-07-05,27.702191781895003,28.04603057396261,27.674314158540657,28.0367374420166,10819200,0.0,0.0
2013-07-08,28.29693792572303,28.78016834719708,28.083199450233295,28.752290725708008,15675100,0.0,0.0
2013-07-09,28.919559368434946,29.179759918004233,28.752286573721367,28.789457321166992,8704800,0.0,0.0
2013-07-10,28.882383679768925,29.031070198205374,28.315515220428008,28.845212936401367,6506200,0.0,0.0
2013-07-11,29.207642661898248,29.226228923997,28.659360337369773,28.73370361328125,4486900,0.0,0.0
2013-07-12,28.82662887005388,29.16117267572842,28.817335740384692,29.1332950592041,5429400,0.0,0.0
2013-07-15,29.096123356343572,29.41208268402206,28.900972945268606,29.34703254699707,4201900,0.0,0.0
2013-07-16,29.328446222875257,29.4120826195765,28.900972881942952,28.956729888916016,4301200,0.0,0.0
2013-07-17,29.02177779962502,29.02177779962502,28.66864775257211,28.798748016357422,3545800,0.0,0.0
2013-07-18,28.910271178628104,28.99390759027665,28.594311795174406,28.640775680541992,4053700,0.0,0.0
2013-07-19,28.612897246754663,28.622188605577755,27.99027162907731,28.10178565979004,8946200,0.0,0.0
2013-07-22,28.213301784986736,28.427038490028494,28.02744270169955,28.12966537475586,4255800,0.0,0.0
2013-07-23,28.259763671203235,28.287643063469922,27.65572435195934,27.934511184692383,5091800,0.0,0.0
2013-07-24,27.99955858365509,28.389861174723357,27.56279211584574,27.78582191467285,4890100,0.0,0.0
2013-07-25,27.767234468309564,28.389859961441,27.609254812664776,28.361982345581055,5472900,0.0,0.0
2013-07-26,28.250471436926734,28.371280368099246,27.878755057325762,28.278350830078125,5051600,0.0,0.0
2013-07-29,28.129671385255875,28.380580669560583,27.86017583415438,27.962398529052734,4123600,0.0,0.0
2013-07-30,28.078802506673046,28.237124185902633,27.836663363361883,27.976360321044922,4630100,0.065,0.0
2013-07-31,27.9391113649124,28.116059567593354,27.752849911951305,27.762163162231445,5375100,0.0,0.0
2013-08-01,27.911169410774576,28.134682070891365,27.43620434190613,28.088117599487305,8105500,0.0,0.0
2013-08-02,28.050870153415627,28.83316368096465,27.85529543928765,28.814538955688477,5187500,0.0,0.0
2013-08-05,28.37681785356661,29.2336171702249,28.37681785356661,29.103235244750977,7283300,0.0,0.0
2013-08-06,29.50369597110955,30.267364577783894,28.954226748976446,28.991477966308594,12471200,0.0,0.0
2013-08-07,28.963545433807067,29.242935833361138,28.54445805815512,29.09392738342285,5920100,0.0,0.0
2013-08-08,29.242935833361138,29.643396708690588,29.038049658776206,29.09392738342285,7161900,0.0,0.0
2013-08-09,29.00078995138211,29.093920655136255,28.665521904715785,28.786590576171875,2784100,0.0,0.0
2013-08-12,28.572397534686203,28.86110118163343,27.976363740647855,28.246440887451172,5793700,0.0,0.0
2013-08-13,28.404760729540477,28.63758663715966,28.12537035092574,28.358196258544922,3116200,0.0,0.0
2013-08-14,28.404766093491727,28.525834806735187,28.013618423774407,28.069496154785156,3858200,0.0,0.0
2013-08-15,27.883230843197126,28.088116999850005,27.743535655646497,27.957735061645508,5818900,0.0,0.0
2013-08-16,27.88322446587554,28.12536356453202,27.706276321411135,27.939102172851562,3678800,0.0,0.0
2013-08-19,27.855286340437722,28.218494121336228,27.790095382463157,27.818035125732422,2480600,0.0,0.0
2013-08-20,27.80872562919213,28.320941890647244,27.669028670321985,28.15330696105957,3804100,0.0,0.0
2013-08-21,28.00429407571738,28.116051269775593,27.566582099656735,27.799407958984375,3531400,0.0,0.0
2013-08-22,27.780782134706737,27.948417041681548,27.53864302200094,27.818035125732422,3030800,0.0,0.0
2013-08-23,27.827353262357843,28.153309906623967,27.60384059162928,28.1253719329834,2531600,0.0,0.0
2013-08-26,28.08811561885415,28.08811561885415,27.613150583477857,27.752845764160156,7179000,0.0,0.0
2013-08-27,27.501395202617474,27.631777134663555,27.007803668510654,27.19406509399414,8103500,0.0,0.0
2013-08-28,27.072993030844533,27.780783918906412,26.830853902587535,27.538644790649414,7067300,0.0,0.0
2013-08-29,27.40826917532853,27.5759041316568,27.212694467505248,27.445520401000977,1590600,0.0,0.0
2013-08-30,27.42688929813815,27.47345376348026,27.045054998107286,27.147497177124023,2296300,0.0,0.0
2013-09-03,27.436204039511107,27.72490944326055,27.184753409851595,27.408266067504883,2052100,0.0,0.0
2013-09-04,27.426895112733238,27.66903251543075,27.333764385984498,27.650407791137695,3187200,0.0,0.0
2013-09-05,27.678345067307855,28.395449335960762,27.622467343196966,28.246440887451172,5688100,0.0,0.0
2013-09-06,28.358191825611144,28.82384356805914,27.911164802857538,28.507200241088867,5245900,0.0,0.0
2013-09-09,28.535143268359697,28.870413150791528,28.274379383197825,28.48857879638672,2723800,0.0,0.0
2013-09-10,29.17774139958627,29.634079945464283,28.740029351822617,28.8238468170166,5024400,0.0,0.0
2013-09-11,29.20568366132027,29.298812607269056,28.767969799549526,29.177743911743164,6367900,0.0,0.0
2013-09-12,29.205681418550235,29.233619389661136,28.702776622706217,28.944915771484375,2881300,0.0,0.0
2013-09-13,28.935603427581363,29.149802835629128,28.786594989259374,28.916976928710938,3087300,0.0,0.0
2013-09-16,29.2801797510101,29.96934406226941,29.233613514649157,29.66201400756836,7069200,0.0,0.0
2013-09-17,29.811024268746472,30.2859910559222,29.78308629984473,30.155609130859375,4616300,0.0,0.0
2013-09-18,30.06248172033485,30.48156908779412,29.76446482628417,30.472257614135742,3913200,0.0,0.0
2013-09-19,30.546758902867197,30.639891399127066,29.950725137369922,30.27667999267578,4128700,0.0,0.0
2013-09-20,30.43500670425587,30.50019768226616,29.68065116734678,29.978666305541992,11372300,0.0,0.0
2013-09-23,29.97866612577135,29.97866612577135,29.19637261801807,29.410572052001953,3322100,0.0,0.0
2013-09-24,29.447819927120374,29.485071146565268,29.06598382580639,29.31743621826172,2212100,0.0,0.0
2013-09-25,29.317440044416156,29.419884019820422,28.89835444528395,28.926292419433594,3165800,0.0,0.0
2013-09-26,29.07530213702132,29.466449779058422,29.056677412216445,29.410572052001953,2289100,0.0,0.0
2013-09-27,29.391949107478265,29.42920211423769,28.916983929222372,29.010114669799805,2391000,0.0,0.0
2013-09-30,28.96353979358794,29.16842592827434,28.805218124319204,28.982166290283203,2890400,0.0,0.0
2013-10-01,28.98216823898517,29.838967605051227,28.8797242765936,29.59682846069336,3263200,0.0,0.0
2013-10-02,29.49438572717122,29.92278631621366,29.270873071448477,29.801715850830078,3071500,0.0,0.0
2013-10-03,29.60614160648255,29.634079576986068,29.187054285723672,29.31743621826172,2520500,0.0,0.0
2013-10-04,30.07179438228828,30.323246782993802,29.466445615481508,29.84827995300293,5795500,0.0,0.0
2013-10-07,29.522319496878563,30.155606114677145,29.41987555096399,29.73651885986328,4420200,0.0,0.0
2013-10-08,29.671332335104676,29.88553173007891,29.298809485715722,29.364002227783203,4152500,0.0,0.0
2013-10-09,29.55026248254322,29.55026248254322,28.944915504345037,29.270872116088867,3379900,0.0,0.0
2013-10-10,29.596833495382295,30.13698959350586,29.308128057043852,30.13698959350586,4397600,0.0,0.0
2013-10-11,30.211489558829523,30.518821472989803,29.829655198978035,30.174240112304688,6164800,0.0,0.0
2013-10-14,29.829649797100046,30.230110584014923,29.671329908275553,30.07179069519043,2527800,0.0,0.0
2013-10-15,30.006607917799936,30.19286582541304,29.801719956255283,29.866910934448242,2326600,0.0,0.0
2013-10-16,30.04385665234331,30.705084998135597,30.04385665234331,30.630578994750977,3625900,0.0,0.0
2013-10-17,30.574699834276018,30.90996615637594,30.51882033760533,30.760957717895508,2891500,0.0,0.0
2013-10-18,30.882032482856086,31.012414440594256,30.59332703883449,30.937911987304688,3979400,0.0,0.0
2013-10-21,30.882021859279863,31.04965676231649,30.37911715016998,30.518814086914062,2677800,0.0,0.0
2013-10-22,30.65851434573757,30.733020342745466,30.043854080988318,30.27667999267578,3084600,0.0,0.0
2013-10-23,30.24874868290427,30.6398981480699,30.24874868290427,30.360504150390625,2817700,0.0,0.0
2013-10-24,30.50019053095247,30.63057245640268,30.2673646490368,30.49087905883789,2351500,0.0,0.0
2013-10-25,30.54676167249308,30.54676167249308,30.127674282929366,30.23943328857422,1480800,0.0,0.0
2013-10-28,30.29530301309942,30.29530301309942,29.745835558827768,29.7830867767334,3636400,0.0,0.0
2013-10-29,29.79240156642228,30.08110518132728,29.727210599474763,29.829652786254883,2912000,0.0,0.0
2013-10-30,30.020958889941127,30.431568027546923,29.815657881003826,29.918310165405273,4398600,0.065,0.0
2013-10-31,29.862314007903386,30.123608116315665,29.545026779174805,29.545026779174805,4241700,0.0,0.0
2013-11-01,29.64768343650558,29.79699488622588,29.283735220371067,29.7130069732666,5890500,0.0,0.0
2013-11-04,29.713001543307215,29.852980779347618,29.414378698439013,29.79698944091797,3838900,0.0,0.0
2013-11-05,29.768993420423474,29.834316946428892,29.17174771987957,29.573022842407227,6642200,0.0,0.0
2013-11-06,29.936978782612886,30.030297112637385,28.82647143204441,29.181087493896484,6722800,0.0,0.0
2013-11-07,29.283733305155064,29.423714337554074,28.798472015267595,28.966447830200195,5204600,0.0,0.0
2013-11-08,29.08776283398002,29.517032780731313,28.891790455730202,29.479705810546875,4664000,0.0,0.0
2013-11-11,29.58235484963473,29.862313325084365,29.50769913751932,29.64767837524414,3078700,0.0,0.0
2013-11-12,29.62901906030732,29.843654046788647,29.34906053706497,29.7130069732666,3204200,0.0,0.0
2013-11-13,29.535695376801854,29.68500680841186,29.19041335867847,29.60101890563965,4179800,0.0,0.0
2013-11-14,29.79699527330303,30.030294639013285,29.377055703051408,29.563695907592773,2945000,0.0,0.0
2013-11-15,29.573024410513355,29.741000217681375,29.31172851270392,29.685007095336914,3601700,0.0,0.0
2013-11-18,29.713004656151327,29.824987344742347,29.358388655770035,29.507701873779297,2927500,0.0,0.0
2013-11-19,29.545035013949963,29.815663164443567,29.115764984808116,29.321067810058594,2571200,0.0,0.0
2013-11-20,29.321061775474373,29.69434037180198,29.12508939994441,29.274402618408203,2374400,0.0,0.0
2013-11-21,29.386389051018842,29.601024048759047,29.22774540487761,29.47037696838379,4425000,0.0,0.0
2013-11-22,29.526366009197663,29.610353919989567,29.16241958238797,29.265071868896484,3850500,0.0,0.0
2013-11-25,29.31172786055474,29.32106004740452,28.985108440542987,29.199745178222656,4719800,0.0,0.0
2013-11-26,29.358394787407263,29.78766659648223,29.293071242097255,29.321067810058594,4398400,0.0,0.0
2013-11-27,29.349054217674222,29.442372518706605,29.022434824263385,29.190410614013672,1783200,0.0,0.0
2013-11-29,29.199752107936803,29.349063573102754,29.003779697448326,29.069103240966797,1058600,0.0,0.0
2013-12-02,29.218414706132748,29.4890428492042,29.01311188651283,29.069103240966797,4065200,0.0,0.0
2013-12-03,29.05043618003113,29.153088470327685,28.826469002965567,29.01310920715332,5514800,0.0,0.0
2013-12-04,28.994442580553287,29.246406302672536,28.891790298223345,29.125089645385742,3196400,0.0,0.0
2013-12-05,29.11575644880625,29.59168550508688,28.929116276981716,29.339723587036133,6498000,0.0,0.0
2013-12-06,29.507698236079843,29.573021759693667,29.209073616808407,29.433042526245117,3263700,0.0,0.0
2013-12-09,29.451708875273173,29.806324877168233,29.293065249148068,29.629016876220703,3073800,0.0,0.0
2013-12-10,29.507703413413893,29.507703413413893,29.115760423029283,29.265071868896484,2941900,0.0,0.0
2013-12-11,29.33039648631276,29.43304877660932,28.705154116196557,29.01310920715332,4436300,0.0,0.0
2013-12-12,28.91045482945855,29.311729993536247,28.91045482945855,29.0877628326416,3603500,0.0,0.0
2013-12-13,29.21841321628895,29.75966769490028,29.143757487512666,29.47037696838379,3286500,0.0,0.0
2013-12-16,29.55435918000296,29.862314224243164,29.442374718491692,29.862314224243164,2635600,0.0,0.0
2013-12-17,29.77832900630575,29.83432035214024,29.227742395790376,29.526365280151367,2629700,0.0,0.0
2013-12-18,29.498369693319816,30.048956288830773,29.209077224537626,30.020957946777344,3684400,0.0,0.0
2013-12-19,29.99296780550805,30.207602808512984,29.545033421863053,30.151613235473633,3447300,0.0,0.0
2013-12-20,30.17027313951666,30.506221207537124,30.104946047547266,30.21693229675293,3681000,0.0,0.0
2013-12-23,30.43157435262592,30.459569141511974,30.011634720003425,30.207605361938477,2219800,0.0,0.0
2013-12-24,30.14228181462679,30.310257667675792,29.927646793478928,30.207605361938477,624300,0.0,0.0
2013-12-26,30.328916827309627,30.590210971587876,30.235598507171886,30.412904739379883,1504700,0.0,0.0
2013-12-27,30.50622274067378,30.580880243896253,30.30092172654337,30.487558364868164,1322400,0.0,0.0
2013-12-30,30.55288546012067,30.646203779283066,30.366245261930185,30.487558364868164,1803600,0.0,0.0
2013-12-31,30.608877882509756,30.61821185121597,30.291590583952793,30.5062255859375,2270400,0.0,0.0
2014-01-02,30.3569145767823,30.47823125270472,29.964973322078283,30.198272705078125,2576100,0.0,0.0
2014-01-03,30.17960947215649,30.328920940546066,29.880986535377332,29.908981323242188,2524900,0.0,0.0
2014-01-06,30.142273685002362,30.543548830184765,29.72233594557377,29.843650817871094,2763200,0.0,0.0
2014-01-07,30.039621066372177,30.2822543680813,29.815655698495657,29.95563316345215,2338200,0.0,0.0
2014-01-08,29.59169146866205,29.94630751060745,29.40505303915711,29.619688034057617,3965900,0.0,0.0
2014-01-09,29.703674434855472,29.834321506836726,29.42371591491483,29.824989318847656,2303300,0.0,0.0
2014-01-10,29.76899396370198,30.38490582854389,29.73166699670307,30.366241455078125,2999900,0.0,0.0
2014-01-13,30.22626406645611,30.25425885008641,29.573026936045196,29.657014846801758,4042800,0.0,0.0
2014-01-14,29.806317980719214,29.852977127046746,29.535689948208987,29.72233009338379,2334500,0.0,0.0
2014-01-15,29.75966281186351,29.8249863413327,29.563692223455945,29.685007095336914,2916300,0.0,0.0
2014-01-16,29.72233498230355,29.936971718539098,29.591686147218297,29.862314224243164,1960400,0.0,0.0
2014-01-17,29.778331207047632,29.946307036897995,29.517035273954516,29.610355377197266,2502500,0.0,0.0
2014-01-21,29.843656892722286,29.946309191668895,29.171755304907425,29.181087493896484,5681900,0.0,0.0
2014-01-22,29.321063835816176,29.55436319740608,29.17175238679327,29.35839080810547,5693600,0.0,0.0
2014-01-23,29.35839209683116,29.703675950311375,29.302400745972975,29.619688034057617,3263800,0.0,0.0
2014-01-24,29.405051748383173,29.55436319740608,29.20907935908256,29.35839080810547,4520900,0.0,0.0
2014-01-27,29.423715502621988,29.507703413413893,29.171751770246274,29.265071868896484,6934000,0.0,0.0
2014-01-28,29.294999657225755,29.575604175369687,29.17340561485012,29.407241821289062,4203400,0.072,0.0
2014-01-29,29.248231908899577,29.416594255953743,28.733791205786446,28.789913177490234,3152000,0.0,0.0
2014-01-30,29.06116456538513,29.304354443492258,28.61219945996985,28.687026977539062,4700400,0.0,0.0
2014-01-31,28.425127225236146,28.565430369123007,28.125817181797533,28.39706802368164,5302200,0.0,0.0
2014-02-03,28.434480862907588,28.574782222646512,28.191291006813454,28.406421661376953,6569400,0.0,0.0
2014-02-04,28.58413635106646,28.761852361118454,28.19129146696809,28.27547264099121,3657300,0.0,0.0
2014-02-05,28.153877063583664,28.462540756781884,28.01357570922602,28.181936264038086,3758700,0.0,0.0
2014-02-06,28.144533265657014,28.28483466918486,28.06035206673448,28.107118606567383,3327100,0.0,0.0
2014-02-07,28.16322866890468,28.808615208636418,28.16322866890468,28.7150821685791,4130100,0.0,0.0
2014-02-10,28.789915475518427,29.491424121553226,28.789915475518427,29.126638412475586,6339700,0.0,0.0
2014-02-11,27.714267819485197,27.826509989288596,26.909872441337757,27.24659538269043,29137200,0.0,0.0
2014-02-12,27.31206398163704,28.181932991247233,27.2465883587806,28.060338973999023,14394200,0.0,0.0
2014-02-13,27.99487023698944,28.219352775608,27.648791874934595,27.751680374145508,7891600,0.0,0.0
2014-02-14,27.704912972566827,28.06034320147966,27.639437339846037,27.948101043701172,5571100,0.0,0.0
2014-02-18,27.976170035494732,28.612204948862743,27.948109042012348,28.312894821166992,6087800,0.0,0.0
2014-02-19,28.0977641922591,28.210004591349044,27.71427110728635,27.826513290405273,6169900,0.0,0.0
2014-02-20,27.81715679393371,28.21935538178072,27.72362194819716,28.032285690307617,4699300,0.0,0.0
2014-02-21,28.050988767097405,28.088403413335975,27.620731039525023,27.695558547973633,3235700,0.0,0.0
2014-02-24,27.854564974934455,28.1258140021248,27.704909970133908,27.77973747253418,3105500,0.0,0.0
2014-02-25,27.648790047061933,28.415772449310328,27.639436385567624,28.181936264038086,4412600,0.0,0.0
2014-02-26,28.097763417150233,28.481254707514957,28.06034876246639,28.434486389160156,3647400,0.0,0.0
2014-02-27,28.43448507845747,28.75250249249522,28.387718546287324,28.733795166015625,3778000,0.0,0.0
2014-02-28,28.761853138584556,29.01439666748047,28.649610975510154,29.01439666748047,5186800,0.0,0.0
2014-03-03,28.88344725331715,29.164051769702187,28.79926786083317,28.98633575439453,3534700,0.0,0.0
2014-03-04,29.21081674199705,29.276290590459347,28.808618205410294,28.892799377441406,5501800,0.0,0.0
2014-03-05,28.995692384643434,29.126640101942915,28.61220111195594,28.733795166015625,4399200,0.0,0.0
2014-03-06,28.82732604126416,29.042454914042885,28.68702468006189,28.789913177490234,3617500,0.0,0.0
2014-03-07,28.883448893924765,28.98633740084631,28.499957638708338,28.602846145629883,4421500,0.0,0.0
2014-03-10,28.64027137458122,28.658976923088296,28.247426311461865,28.387727737426758,3902900,0.0,0.0
2014-03-11,28.499960812678605,28.649615866306423,28.135176842464414,28.322246551513672,2641400,0.0,0.0
2014-03-12,28.1258140021248,28.28482266772893,27.73296916851627,27.77973747253418,4363300,0.0,0.0
2014-03-13,27.798448569196303,27.854570545240964,27.181121104934928,27.358837127685547,4090900,0.0,0.0
2014-03-14,27.358838356612342,27.891984664783767,27.340131030423812,27.517847061157227,4021900,0.0,0.0
2014-03-17,27.573961616113653,27.695557427440836,27.424306605271312,27.480426788330078,3837100,0.0,0.0
2014-03-18,27.51784383332482,27.573964021278723,27.358835147431595,27.38689613342285,5453400,0.0,0.0
2014-03-19,27.414960344664024,28.16323738489898,27.37754747386819,27.976167678833008,5692400,0.0,0.0
2014-03-20,27.882632117616648,28.163236669588606,27.75168439711373,28.144529342651367,3672400,0.0,0.0
2014-03-21,28.406428088296657,28.462548288083635,27.30272071632182,27.368194580078125,9668600,0.0,0.0
2014-03-24,27.424307544660284,27.48042772964138,27.09693652821827,27.255945205688477,4632800,0.0,0.0
2014-03-25,27.37754824404745,27.48043497965208,27.227893188596184,27.368194580078125,3182000,0.0,0.0
2014-03-26,27.508494183421387,27.545908836866627,27.274657951475252,27.32142448425293,3914800,0.0,0.0
2014-03-27,27.3214260325174,27.499142078395455,27.199831969987557,27.405607223510742,2984200,0.0,0.0
2014-03-28,27.555259676244457,27.60202799128594,27.040820698989787,27.134355545043945,6398900,0.0,0.0
2014-03-31,27.190472209092565,27.255946057621767,26.806980995682746,27.068878173828125,8689200,0.0,0.0
2014-04-01,27.09693767396575,27.48978255350124,27.09693767396575,27.452369689941406,3658000,0.0,0.0
2014-04-02,27.386898599938515,27.77974351905339,27.255949104214377,27.70491600036621,2341200,0.0,0.0
2014-04-03,27.789095397864113,27.789095397864113,27.489785323115402,27.70491600036621,2896500,0.0,0.0
2014-04-04,27.723620750406422,28.069699129470806,27.32142217993628,27.4243106842041,4963400,0.0,0.0
2014-04-07,27.358838130687847,27.424311987778218,26.984700530150867,27.125001907348633,4073700,0.0,0.0
2014-04-08,27.031466440114613,27.330776513667054,26.825691210554503,27.265302658081055,4744600,0.0,0.0
2014-04-09,27.33077686487118,27.33077686487118,26.909872737540173,27.181121826171875,3631300,0.0,0.0
2014-04-10,27.115652680063555,27.330781612560724,26.93793662172589,26.99405860900879,5372600,0.0,0.0
2014-04-11,26.90051596519028,27.00340446141398,26.45155090098818,26.563791275024414,3185500,0.0,0.0
2014-04-14,26.638622283935547,26.919226823932565,26.432847048494118,26.638622283935547,2559900,0.0,0.0
2014-04-15,26.72280125769737,26.72280125769737,26.32060269911484,26.70409393310547,3231600,0.0,0.0
2014-04-16,26.70409601443326,26.844399175779134,26.563794637116196,26.68539047241211,4220000,0.0,0.0
2014-04-17,26.666688550720124,26.853756497045076,26.61992022611701,26.750869750976562,3425800,0.0,0.0
2014-04-21,26.844400963518254,27.181123934697972,26.685392249561833,27.153064727783203,4437500,0.0,0.0
2014-04-22,27.61138376581399,28.079056247820205,27.302719999051043,27.957460403442383,8353800,0.0,0.0
2014-04-23,27.826516676418656,27.957464419300695,27.405610668541822,27.489791870117188,3803300,0.0,0.0
2014-04-24,27.47290843102692,28.148011779889295,27.426027048871518,28.0261173248291,4412100,0.072,0.0
2014-04-25,27.95110656967781,28.40117607357959,27.772955883385357,28.279281616210938,4857700,0.0,0.0
2014-04-28,28.616837986168388,28.757483946754405,28.16677019692896,28.50432014465332,3704400,0.0,0.0
2014-04-29,28.532454212244417,28.626218795776367,28.316796922008404,28.626218795776367,2531700,0.0,0.0
2014-04-30,28.466809518172248,28.56057228028308,28.091751316088725,28.373044967651367,4116100,0.0,0.0
2014-05-01,28.419923782348633,28.626206132549,28.298031129565597,28.419923782348633,3207000,0.0,0.0
2014-05-02,28.429302107303084,28.832488410242313,28.410548840094282,28.729347229003906,3042100,0.0,0.0
2014-05-05,28.523077575050152,28.71998159089764,28.232408975670715,28.626218795776367,4425200,0.0,0.0
2014-05-06,27.988609954220628,29.432577492544603,27.716692955649986,28.963756561279297,6532400,0.0,0.0
2014-05-07,28.22302517368824,28.823115494494775,28.129260613959662,28.738727569580078,6810600,0.0,0.0
2014-05-08,28.644959369235174,28.88874647818139,28.513690075344904,28.57932472229004,2687200,0.0,0.0
2014-05-09,28.569953152620347,28.6637177170515,28.17614341273775,28.635589599609375,3339700,0.0,0.0
2014-05-12,28.67309094824387,28.93563133980004,28.644961045731034,28.888748168945312,1971000,0.0,0.0
2014-05-13,28.87937061060019,28.935630413825486,28.691843298412685,28.813735961914062,1932200,0.0,0.0
2014-05-14,28.729347229003906,28.88874642345872,28.579324668153497,28.729347229003906,2253600,0.0,0.0
2014-05-15,28.626211929846583,28.729351337424376,28.457436077651703,28.560575485229492,3104500,0.0,0.0
2014-05-16,28.532441938575182,28.70121775864904,28.429300762216734,28.69184112548828,3058700,0.0,0.0
2014-05-19,28.69184658605343,28.719974702479075,28.391801421444857,28.560575485229492,3671100,0.0,0.0
2014-05-20,28.60746099758844,28.682472294870063,28.382427105743574,28.391803741455078,2538700,0.0,0.0
2014-05-21,28.485562843710678,28.59808066931008,28.354293537519855,28.523069381713867,2421900,0.0,0.0
2014-05-22,28.457432008664238,28.644959315525867,28.37304409463301,28.438678741455078,4522700,0.0,0.0
2014-05-23,28.44806626590673,28.673100193337003,28.410559717129676,28.626218795776367,4085500,0.0,0.0
2014-05-27,28.82310539994167,28.851235294531538,28.635578134571354,28.785600662231445,2395700,0.0,0.0
2014-05-28,28.81373519761409,28.81373519761409,28.53244334258923,28.57932472229004,5791000,0.0,0.0
2014-05-29,28.691845305880943,28.851244516018454,28.598080749021786,28.80436134338379,2610800,0.0,0.0
2014-05-30,28.869988557591448,29.00125782219163,28.75747076764158,28.785600662231445,3076700,0.0,0.0
2014-06-02,28.879364529869534,29.029387063395376,28.738718628240267,28.99188232421875,3561300,0.0,0.0
2014-06-03,28.963756041478366,29.310684311288874,28.869993287635968,29.301307678222656,3323000,0.0,0.0
2014-06-04,29.235675430085976,29.488839178382765,29.188792260914326,29.413827896118164,3349900,0.0,0.0
2014-06-05,29.451331609230863,29.67636544812542,29.273179149452265,29.63886070251465,2784700,0.0,0.0
2014-06-06,29.64824520587767,29.817019288540656,29.63886856988354,29.760761260986328,2524200,0.0,0.0
2014-06-09,29.79826059359182,30.013916015625,29.676366143577823,30.013916015625,3189400,0.0,0.0
2014-06-10,29.948281127491924,30.482734906325305,29.920151228222842,30.473360061645508,4639800,0.0,0.0
2014-06-11,30.47335888772787,30.501486997503484,30.098300732227973,30.126432418823242,3600700,0.0,0.0
2014-06-12,30.07955266296675,30.12643404072325,29.835763775721194,29.995162963867188,4298500,0.0,0.0
2014-06-13,29.967031438819895,30.135807251045136,29.845138790218236,30.117053985595703,1904500,0.0,0.0
2014-06-16,30.07955104359067,30.201441903831427,29.995161349034348,30.126432418823242,2197200,0.0,0.0
2014-06-17,30.06079906743398,30.801533412245725,30.06079906743398,30.76403045654297,4407200,0.0,0.0
2014-06-18,30.67964525153036,30.83904266357422,30.43585634546077,30.83904266357422,2482800,0.0,0.0
2014-06-19,30.914063803125604,30.98907331753969,30.50149895497442,30.520252227783203,4062900,0.0,0.0
2014-06-20,30.379601543265213,30.5483773855916,30.051424704599334,30.43585777282715,7836200,0.0,0.0
2014-06-23,30.51087436802864,30.68902507689508,30.407733166172022,30.604637145996094,2513600,0.0,0.0
2014-06-24,30.6327647607156,30.660896455100186,30.33271958396475,30.351472854614258,1772500,0.0,0.0
2014-06-25,30.388979395913278,30.5390019842887,30.27646334883687,30.351472854614258,2751400,0.0,0.0
2014-06-26,30.332719455791253,30.407732538072313,30.07955924514425,30.229581832885742,2240100,0.0,0.0
2014-06-27,30.20144458367753,30.388973678067384,30.15456320428506,30.3608455657959,1435000,0.0,0.0
2014-06-30,30.426481523015926,30.68902012037933,30.117057967420383,30.257705688476562,1847300,0.0,0.0
2014-07-01,30.43585330348502,30.576501010377072,30.29520917341273,30.48273468017578,2263500,0.0,0.0
2014-07-02,30.473361058048294,30.71714637271192,30.473361058048294,30.698396682739258,1850700,0.0,0.0
2014-07-03,30.71713850209253,30.867161021173093,30.614000926390077,30.857786178588867,1370200,0.0,0.0
2014-07-07,30.82966816801567,30.839043013669333,30.52962303161621,30.52962303161621,2087600,0.0,0.0
2014-07-08,30.37960132676351,30.48273893916547,30.163940525578706,30.45461082458496,1846200,0.0,0.0
2014-07-09,30.44523619563433,30.60463361515353,30.276460353307947,30.43585777282715,1339900,0.0,0.0
2014-07-10,30.210826945589776,30.65151626153541,30.023297826743335,30.49211883544922,2003800,0.0,0.0
2014-07-11,30.417107513477216,30.52962713737427,30.2858381957513,30.351472854614258,1422900,0.0,0.0
2014-07-14,30.529620847064038,30.80153427340537,30.379598289599198,30.68901824951172,1900200,0.0,0.0
2014-07-15,30.595259654241996,30.67026915476792,30.248329536745867,30.370223999023438,2496200,0.0,0.0
2014-07-16,30.4077314976516,30.660895276457065,30.33271841793716,30.595260620117188,1768100,0.0,0.0
2014-07-17,30.407732748782106,30.482742254762314,30.1451941126204,30.20145034790039,2154100,0.0,0.0
2014-07-18,30.14519387048573,30.698402832826265,30.07018078828739,30.651517868041992,3261000,0.0,0.0
2014-07-21,30.576496921910138,30.82966061437277,30.56711850173414,30.801528930664062,2513300,0.0,0.0
2014-07-22,30.904673704471715,31.15783742652944,30.782782842488878,30.82028579711914,2590600,0.0,0.0
2014-07-23,30.801540603134963,30.885928532601934,30.73590594430739,30.792165756225586,2078600,0.0,0.0
2014-07-24,30.848421085941578,30.91405573523259,30.717148210539424,30.83904266357422,2007900,0.0,0.0
2014-07-25,30.726523698174525,30.848418139567016,30.642135789028924,30.773405075073242,1579600,0.0,0.0
2014-07-28,30.72652897699132,30.914058093623467,30.63276263026505,30.810916900634766,1627800,0.0,0.0
2014-07-29,30.754653007586658,31.148464457887876,30.6608902501349,30.97031021118164,2994400,0.0,0.0
2014-07-30,31.08283232579375,31.17659509082755,30.86717152793962,31.073453903198242,1800600,0.0,0.0
2014-07-31,30.857786178588867,31.064068483631765,30.82027965461398,30.857786178588867,3002700,0.0,0.0
2014-08-01,30.72652479451816,30.979688530988028,30.557748970204916,30.698396682739258,5381100,0.0,0.0
2014-08-04,30.679648686771177,31.270360596533102,30.54837937349075,31.16722297668457,4676100,0.0,0.0
2014-08-05,30.53900206686296,30.829672397485318,29.985793100078894,30.20145034790039,5933100,0.0,0.0
2014-08-06,30.03266393644586,30.351462272698456,30.013910672334603,30.28582763671875,3163800,0.0,0.0
2014-08-07,30.351470576416553,30.454611768836696,29.695122248642512,29.807640075683594,3747800,0.0,0.0
2014-08-08,29.817017815425018,30.32334540363011,29.817017815425018,30.30459213256836,2191500,0.0,0.0
2014-08-11,30.435857922399865,30.614012188408946,30.360848423675233,30.567127227783203,2282500,0.0,0.0
2014-08-12,30.454615087511925,30.651519070777937,30.33272061256692,30.42648696899414,2837900,0.0,0.0
2014-08-13,30.670263248138973,30.97968676737165,30.65150998241399,30.82028579711914,3729200,0.0,0.0
2014-08-14,30.87655082390605,31.035948244336257,30.820291017202283,31.00782012939453,2562500,0.0,0.0
2014-08-15,31.064072380850362,31.598527895677467,31.064072380850362,31.589149475097656,3843000,0.0,0.0
2014-08-18,31.713190729465,31.957498177172354,31.666208941576738,31.882328033447266,3459500,0.072,0.0
2014-08-19,31.901125284551892,32.48370740996778,31.844744981648002,32.43672561645508,2922500,0.0,0.0
2014-08-20,32.43673507129426,32.746817866447614,32.370959824307725,32.6904411315918,2720500,0.0,0.0
2014-08-21,32.67164009726086,32.86896579235193,32.596466355617814,32.78439712524414,2041800,0.0,0.0
2014-08-22,32.71862189354712,32.8313789215304,32.634053226439335,32.78439712524414,2300500,0.0,0.0
2014-08-25,32.88774865758732,32.91593700940304,32.70921645528755,32.793785095214844,2417200,0.0,0.0
2014-08-26,32.86895023278688,33.08506926098188,32.73739983166641,33.0098991394043,2956600,0.0,0.0
2014-08-27,33.05688956198647,33.33878386449254,32.95352748135546,33.20723342895508,2746100,0.0,0.0
2014-08-28,33.04749417862284,33.244823435066756,32.95353059706354,33.19784164428711,3760400,0.0,0.0
2014-08-29,33.19783855569513,33.30119705200195,32.89714723682256,33.30119705200195,1190900,0.0,0.0
2014-09-02,33.30120402276769,33.4421529959783,33.188446994887975,33.33879089355469,1654000,0.0,0.0
2014-09-03,34.41938102784625,34.4381744582701,33.38576386141655,33.60188293457031,4220600,0.0,0.0
2014-09-04,33.61129644109872,33.72405348947943,33.254228272664214,33.36698532104492,2383100,0.0,0.0
2014-09-05,33.46094040735953,33.874385158139724,33.3105965357594,33.864990234375,1602900,0.0,0.0
2014-09-08,33.82740281774495,34.11869563242187,33.780421030727524,34.09050369262695,1913500,0.0,0.0
2014-09-09,34.06231528820575,34.10929707515544,33.83679769257445,33.99654006958008,2832500,0.0,0.0
2014-09-10,34.118704159720274,34.14689252207973,33.7146542383211,34.05292892456055,2287400,0.0,0.0
2014-09-11,33.968339683530395,34.09989007418973,33.91195940847097,34.08109664916992,1768900,0.0,0.0
2014-09-12,34.02472842485377,34.05292036460805,33.911971419278416,33.99654006958008,1920000,0.0,0.0
2014-09-15,34.062303224150114,34.128078419479785,33.94954625851059,34.08109664916992,2164600,0.0,0.0
2014-09-16,34.090512505222144,34.34421852207738,34.01534234345847,34.287841796875,2253000,0.0,0.0
2014-09-17,34.33482073059036,34.466371191059245,34.14688996514286,34.43818283081055,2525600,0.0,0.0
2014-09-18,34.52274005577227,34.84222117581789,34.41937798980456,34.48515319824219,2336300,0.0,0.0
2014-09-19,34.61670816430304,35.058344837119485,34.61670816430304,34.95498275756836,6105100,0.0,0.0
2014-09-22,34.973772904585154,35.04894303798498,34.29722378158597,34.40998077392578,4951100,0.0,0.0
2014-09-23,34.11869134063438,34.28782862020579,33.68644963479627,33.71464157104492,4421800,0.0,0.0
2014-09-24,33.81800849180528,34.419383979009844,33.78042162773483,34.37240219116211,4714100,0.0,0.0
2014-09-25,34.36300082601927,34.38179425649203,33.94015760158286,34.10929489135742,2062000,0.0,0.0
2014-09-26,34.16568183333554,34.532144837687916,34.00593943546235,34.41938781738281,2124800,0.0,0.0
2014-09-29,34.10929871433136,34.5885222838975,33.98714319480734,34.56972885131836,2075600,0.0,0.0
2014-09-30,34.81403728099795,34.87041758031453,34.55093638648229,34.72007369995117,3412900,0.0,0.0
2014-10-01,34.64489543071821,34.77644586074928,34.04351998801596,34.250244140625,5508300,0.0,0.0
2014-10-02,34.37239723572321,34.738860146375806,34.25963665976846,34.68247985839844,3670200,0.0,0.0
2014-10-03,34.64490598638586,35.45300582791035,34.64490598638586,35.39662551879883,5948500,0.0,0.0
2014-10-06,35.52817123750664,35.67851510871443,35.330841994155904,35.38722229003906,2693400,0.0,0.0
2014-10-07,35.1429173298472,35.29326121169173,34.40998776943435,34.49455642700195,8116900,0.0,0.0
2014-10-08,34.57911796509404,35.30264886765373,34.41937919173314,35.28385543823242,3565700,0.0,0.0
2014-10-09,35.22746794636938,35.35901832755233,34.673074493899065,34.785831451416016,4336700,0.0,0.0
2014-10-10,34.78583929017127,35.04894011182516,34.428771329012505,34.46635818481445,3689300,0.0,0.0
2014-10-13,34.45696881994795,34.45696881994795,33.38576823676544,33.42335510253906,6676400,0.0,0.0
2014-10-14,33.667662694239624,33.9777453438827,33.3199895981956,33.70524597167969,3078700,0.0,0.0
2014-10-15,33.22602816548536,33.254216521499025,32.09844732668984,33.13206100463867,7155800,0.0,0.0
2014-10-16,32.64344290403771,33.37636876434298,32.117237608355794,32.95352554321289,4181300,0.0,0.0
2014-10-17,33.263612165117195,33.45153930166468,32.84076893892462,33.23542022705078,3438500,0.0,0.0
2014-10-20,33.2354271996164,33.53611498255107,33.17905048061685,33.273014068603516,2543800,0.0,0.0
2014-10-21,33.42335356673582,33.99654069776275,33.395165210941265,33.91197204589844,4772800,0.0,0.0
2014-10-22,33.88378336352511,34.14688424035353,33.71464606142667,33.72404098510742,2263500,0.0,0.0
2014-10-23,33.63947800805891,34.250252100265385,33.32939529156358,33.93077087402344,2925800,0.0,0.0
2014-10-24,34.015334151454155,34.39119203871669,33.92136699127804,34.37240219116211,1419000,0.0,0.0
2014-10-27,34.391187314342574,34.56032459494427,34.28782882906834,34.362998962402344,2511400,0.0,0.0
2014-10-28,34.44757120749059,34.785845804092936,34.30662226407943,34.77644729614258,1533400,0.0,0.0
2014-10-29,34.65429177255556,34.71066847648538,34.118691578341256,34.40998077392578,2269900,0.0,0.0
2014-10-30,34.41937662806573,35.142907476734486,34.34420291597968,35.06773376464844,2137900,0.0,0.0
2014-10-31,35.462395307927935,35.62213409967797,34.814034463933986,34.917396545410156,2589500,0.0,0.0
2014-11-03,34.90986252587507,35.60655137209838,34.85337278505745,35.51240539550781,4071300,0.072,0.0
2014-11-04,35.78544147707085,36.83047866821289,35.78544147707085,36.83047866821289,9723700,0.0,0.0
2014-11-05,36.990536312547704,37.10351225410835,36.49155235372736,36.97170639038086,11878900,0.0,0.0
2014-11-06,37.04700925668098,37.39535730519836,36.971693186352326,37.38594055175781,4457100,0.0,0.0
2014-11-07,37.32944665650741,37.941402620003906,37.30119999348193,37.8754997253418,6819000,0.0,0.0
2014-11-10,37.94141428933532,37.97907412399309,37.68721579255468,37.809608459472656,7530100,0.0,0.0
2014-11-11,37.80959829053666,41.54725147624498,37.58364293480055,41.16124725341797,20228500,0.0,0.0
2014-11-12,41.33073396760635,41.38722014179207,40.07857109869743,40.144474029541016,21414900,0.0,0.0
2014-11-13,40.16329000084659,40.75641976385783,40.11621700822899,40.709346771240234,6151300,0.0,0.0
2014-11-14,40.662269219524724,40.907054521613546,40.3515846024908,40.615196228027344,2689500,0.0,0.0
2014-11-17,41.29305496903988,41.8296949235126,40.46455674804533,41.64139938354492,9537400,0.0,0.0
2014-11-18,42.25338338874562,42.309869569345366,40.51165312762417,41.603763580322266,12180600,0.0,0.0
2014-11-19,41.73555672277022,41.78262971867012,40.68110293912776,40.8599853515625,7031100,0.0,0.0
2014-11-20,40.398663112207196,40.71876452612798,40.21036752905858,40.62461853027344,5091100,0.0,0.0
2014-11-21,40.93529680629776,41.30247116088867,40.34216706887607,41.30247116088867,5192500,0.0,0.0
2014-11-24,41.50960418100705,42.30044277763296,41.26482243055981,41.97092819213867,4179400,0.0,0.0
2014-11-25,41.970923274306806,42.102729093060525,41.30247383550849,41.34013366699219,3589000,0.0,0.0
2014-11-26,41.67906129636159,42.08389547055533,41.30247019757335,42.05564880371094,2131400,0.0,0.0
2014-11-28,42.13097987541316,42.45108131868283,42.13097987541316,42.300445556640625,1332200,0.0,0.0
2014-12-01,42.55463391626543,42.59229374564263,41.669645883096265,41.77320861816406,3153000,0.0,0.0
2014-12-02,41.7732224373391,42.31927936963486,41.68848958892907,42.1215705871582,2500600,0.0,0.0
2014-12-03,42.121558745059865,42.37575362738514,41.79204060879963,42.25336456298828,2003600,0.0,0.0
2014-12-04,42.168646751921514,42.27220952900561,41.28365835970511,41.42488098144531,4294300,0.0,0.0
2014-12-05,41.39662321484714,41.857943578263374,41.26481739672821,41.406036376953125,3314000,0.0,0.0
2014-12-08,41.61316585316471,41.79204468186699,41.302477602248636,41.51901626586914,5889300,0.0,0.0
2014-12-09,40.652881216005184,41.88621446854849,40.238633606454755,41.25542449951172,5515000,0.0,0.0
2014-12-10,41.28362799141027,41.61314600259667,40.20093518978075,40.26683807373047,4393500,0.0,0.0
2014-12-11,40.45513608750042,40.95411612318945,40.25742383189556,40.37040328979492,4942200,0.0,0.0
2014-12-12,40.219775739650785,40.56812016004148,39.29713152880269,39.325374603271484,4050300,0.0,0.0
2014-12-15,39.777288518958926,40.003243927465626,38.92054706374661,39.29713821411133,5943600,0.0,0.0
2014-12-16,39.21240703332055,39.55133477316989,38.44039837491349,38.459224700927734,4606400,0.0,0.0
2014-12-17,38.675754928101576,39.00526940246764,38.440386420286266,38.72282791137695,7627700,0.0,0.0
2014-12-18,39.39128587251757,40.62461853027344,39.3442128745903,40.62461853027344,6578100,0.0,0.0
2014-12-19,40.51162441245637,41.17065692003525,40.13503697343861,40.963531494140625,5601600,0.0,0.0
2014-12-22,41.020035771723805,41.21774451667294,40.436322699828494,40.86940002441406,1913800,0.0,0.0
2014-12-23,41.04827680958329,41.17066947050742,40.25743827769697,40.45515060424805,2612500,0.0,0.0
2014-12-24,40.53988594357367,41.41545735780731,40.48339619085424,41.274234771728516,1300600,0.0,0.0
2014-12-26,41.236564293602996,41.69788817648043,41.236564293602996,41.613155364990234,1518000,0.0,0.0
2014-12-29,41.4436971492668,41.64140588093432,41.28364465831743,41.43428039550781,2006700,0.0,0.0
2014-12-30,41.40603796837849,41.51901387518845,40.56812644261264,40.81290817260742,2251100,0.0,0.0
2014-12-31,40.91646903146648,41.31189007423879,40.48339174911897,40.511634826660156,2131900,0.0,0.0
2015-01-02,40.91645697464154,41.142412302706354,40.54928270904456,40.775238037109375,1784200,0.0,0.0
2015-01-05,40.71876739818767,41.076528672260444,40.45515571804974,40.53047180175781,3112100,0.0,0.0
2015-01-06,40.62460722659311,40.82231591773949,39.82435211874007,40.135040283203125,3977200,0.0,0.0
2015-01-07,40.483381342175555,41.0106080665263,40.46455143150893,40.963531494140625,2481800,0.0,0.0
2015-01-08,42.130981424548516,42.243957352374274,41.42487559061754,41.59434127807617,3121300,0.0,0.0
2015-01-09,41.481357540642264,41.83911517664289,41.12359631320233,41.66023635864258,2999100,0.0,0.0
2015-01-12,41.74496128329445,41.74496128329445,40.75641420734179,40.87880325317383,2168300,0.0,0.0
2015-01-13,41.32130229815481,41.63199050981087,40.078556634408734,40.30451202392578,3668600,0.0,0.0
2015-01-14,40.01265463575712,40.69993039029273,39.81494591009055,40.511634826660156,2481300,0.0,0.0
2015-01-15,40.737590995610994,41.208328117920196,40.38924653070517,40.426902770996094,2719300,0.0,0.0
2015-01-16,40.29509704216919,41.697895250044525,40.266853964027554,41.63199234008789,2761600,0.0,0.0
2015-01-20,41.69142564651278,41.69142564651278,40.76704606860516,41.08774948120117,3471000,0.083,0.0
2015-01-21,41.097168343832934,42.09700894947815,40.97454553413288,41.73857498168945,1991900,0.0,0.0
2015-01-22,41.83289525218649,42.27622135163487,41.172626931551655,41.98381423950195,2914700,0.0,0.0
2015-01-23,41.99325082455775,42.25735816617241,41.47446700430351,41.61595153808594,2885500,0.0,0.0
2015-01-26,41.54050022465433,41.795176742438734,41.36128141684685,41.58766174316406,1926800,0.0,0.0
2015-01-27,41.12545229166032,41.40842847570173,40.75758757023645,40.84247970581055,3008300,0.0,0.0
2015-01-28,41.248087336869425,41.77630562628342,40.6255460235067,40.66327667236328,2425100,0.0,0.0
2015-01-29,40.60668215097926,41.200927298043275,40.14449427963502,40.861358642578125,4927300,0.0,0.0
2015-01-30,40.72931242910052,41.087746475355075,40.2199593525588,40.30485153198242,3146000,0.0,0.0
2015-02-02,40.5878270600487,40.917964935302734,39.965285567453776,40.917964935302734,2136700,0.0,0.0
2015-02-03,41.04057405198169,41.323550331835825,40.7481705068153,41.03114318847656,4910800,0.0,0.0
2015-02-04,41.37071132071089,41.540495647191484,40.76703531464335,40.993412017822266,5102900,0.0,0.0
2015-02-05,41.07830935634765,41.57823153538711,40.67271381401058,40.936824798583984,3470900,0.0,0.0
2015-02-06,40.97453768153438,41.72913612135658,40.82361871320835,41.18205261230469,5408000,0.0,0.0
2015-02-09,41.03114628763743,41.182065302468835,40.2388205602243,40.4369010925293,4467100,0.0,0.0
2015-02-10,40.68214369020354,41.51219641044333,40.38030568317218,41.41787338256836,4111200,0.0,0.0
2015-02-11,42.33281893692095,43.5024402337087,42.33281893692095,43.172306060791016,7071100,0.0,0.0
2015-02-12,44.55887902087465,44.70979802152837,42.691251440269674,43.1911735534668,6989600,0.0,0.0
2015-02-13,42.20077192382408,42.91763635445167,41.842337909413686,42.879905700683594,6413300,0.0,0.0
2015-02-17,42.96479328299689,43.615634397296226,42.87047025684561,43.577903747558594,4055800,0.0,0.0
2015-02-18,43.4929948594053,43.794832744848236,43.21945315128782,43.24774932861328,3276900,0.0,0.0
2015-02-19,43.2289045049173,43.38925437002178,42.90820117651551,43.059120178222656,2928800,0.0,0.0
2015-02-20,43.106285709657676,43.28550091645483,42.54977116432708,43.011959075927734,3713000,0.0,0.0
2015-02-23,43.11571461894851,43.323229605551916,42.64409226626294,42.99309539794922,2664500,0.0,0.0
2015-02-24,43.05912969863787,43.19118340455472,42.71012650649348,42.82331848144531,1869800,0.0,0.0
2015-02-25,42.96478770233846,43.36095227674052,42.81386872118347,43.12514114379883,2958800,0.0,0.0
2015-02-26,43.228907096372374,44.049528992461966,43.20060730809822,43.97406768798828,4903000,0.0,0.0
2015-02-27,43.898604773759196,44.219308083339364,43.426982471329104,43.474143981933594,5555500,0.0,0.0
2015-03-02,43.47414131900762,44.90787346235767,43.47414131900762,44.624900817871094,5261700,0.0,0.0
2015-03-03,44.59660434839794,44.65320032077753,43.709955703607065,43.89860534667969,2256200,0.0,0.0
2015-03-04,43.766554638709096,43.85144680392881,43.25720164739079,43.606201171875,3293000,0.0,0.0
2015-03-05,44.04008499678304,44.17214225102505,43.379816716534265,43.82313919067383,2327600,0.0,0.0
2015-03-06,43.6722351829797,43.8891810634557,43.077989928862415,43.18174743652344,3486500,0.0,0.0
2015-03-09,43.266631393648986,44.29476821333964,42.898766553261176,43.66279602050781,3757800,0.0,0.0
2015-03-10,43.511872917808276,43.65335744405532,43.08741214268221,43.10627746582031,2189500,0.0,0.0
2015-03-11,43.276066239565814,43.93633822473294,43.13457810053256,43.398685455322266,3245000,0.0,0.0
2015-03-12,43.681664847847415,44.20987959508802,43.52131137229716,44.181583404541016,2276500,0.0,0.0
2015-03-13,44.20043552510418,44.20043552510418,43.408110042775085,43.81370544433594,2487100,0.0,0.0
2015-03-16,44.058960272073435,44.36079829642961,43.90804125989535,44.313636779785156,2519800,0.0,0.0
2015-03-17,43.974065458041444,44.65320277109305,43.77598494113235,44.4739875793457,2906900,0.0,0.0
2015-03-18,44.313623014466465,45.04935252051789,44.021215944993536,44.813541412353516,3056000,0.0,0.0
2015-03-19,44.76639216676211,45.030503126986574,44.42682350232561,44.71923065185547,2000700,0.0,0.0
2015-03-20,44.79469402102295,45.20028594648781,44.42682555211519,44.65320587158203,4542700,0.0,0.0
2015-03-23,44.85128328800215,44.992771427618855,44.3702300900525,44.4739875793457,4820100,0.0,0.0
2015-03-24,44.558882943930676,44.90788248900791,44.10612230391472,44.35136795043945,1938100,0.0,0.0
2015-03-25,44.49284651774818,44.69093062043532,43.5967670169799,43.64392852783203,4148400,0.0,0.0
2015-03-26,43.408126926514115,43.75712650144174,43.09685440965374,43.493019104003906,3550800,0.0,0.0
2015-03-27,43.52129470462913,43.889159433628734,43.38924106839252,43.59675598144531,2801700,0.0,0.0
2015-03-30,43.83258089420769,44.29476876675929,43.785415782231,44.25703811645508,2206900,0.0,0.0
2015-03-31,44.10611856236842,44.26647202506144,43.66279602050781,43.66279602050781,2768400,0.0,0.0
2015-04-01,43.67222471470478,43.91747032824404,43.35152140344064,43.64392852783203,4751300,0.0,0.0
2015-04-02,43.81372028655812,44.01180082469364,43.57790909405586,43.86088180541992,3084000,0.0,0.0
2015-04-06,43.53073906320733,44.02122308129288,43.398681798746175,43.700523376464844,2385300,0.0,0.0
2015-04-07,43.84509129460071,44.27976157888696,43.77894597328105,43.80729293823242,2367100,0.083,0.0
2015-04-08,43.816755362051325,44.04354197136975,43.58052096280961,43.665565490722656,2565400,0.0,0.0
2015-04-09,43.75060871691786,44.16638355418923,43.6183180340227,43.98684310913086,2720800,0.0,0.0
2015-04-10,44.034082640961145,44.68609177233957,43.75060213389019,44.572696685791016,2278300,0.0,0.0
2015-04-13,44.648299279434255,44.827836116428635,44.071886796648776,44.09078598022461,2009300,0.0,0.0
2015-04-14,44.090790739322216,44.402621895006035,43.48603121822144,44.31757736206055,2672500,0.0,0.0
2015-04-15,44.45930975387145,44.61995100726354,44.327019077343024,44.41206359863281,1578500,0.0,0.0
2015-04-16,44.22307080148863,44.57269663969287,44.071880957563806,44.544349670410156,1585500,0.0,0.0
2015-04-17,44.317564089310444,44.44040335204706,43.901789339586514,44.19472122192383,2885100,0.0,0.0
2015-04-20,44.30812516131946,44.53491177993437,44.138036098521034,44.449867248535156,2890200,0.0,0.0
2015-04-21,44.67663559634511,44.9601196777162,44.50654658938239,44.92232131958008,3139000,0.0,0.0
2015-04-22,44.83728239987059,44.90342773252124,44.34591449685841,44.440406799316406,2075700,0.0,0.0
2015-04-23,44.355372534150554,44.50656241580797,44.00574660868987,44.45931625366211,2113300,0.0,0.0
2015-04-24,44.30811320713233,45.34754648875929,44.1569233703966,45.271949768066406,3449500,0.0,0.0
2015-04-27,45.33811833770659,45.34756973496322,44.16639740351614,44.251441955566406,2684100,0.0,0.0
2015-04-28,44.1474761466999,44.24196844412328,43.12694203220697,43.21198654174805,4492400,0.0,0.0
2015-04-29,42.994661026786225,43.410432275305,42.61668454293214,42.730079650878906,3997600,0.0,0.0
2015-04-30,42.59778716183248,42.94741305159177,41.87018480420048,41.974124908447266,4330200,0.0,0.0
2015-05-01,42.26705895409399,42.43714801263368,41.94578002181357,42.15366744995117,5835100,0.0,0.0
2015-05-04,42.285958477945925,43.05135924751158,42.24816010804494,42.900169372558594,4782900,0.0,0.0
2015-05-05,44.534901492302176,44.827829784726234,42.64502665746237,43.16474151611328,7681200,0.0,0.0
2015-05-06,43.400978275994184,43.410426064645954,42.70172296230072,42.79621887207031,4441400,0.0,0.0
2015-05-07,42.83401446844028,43.23088644987923,42.550530362098,43.05134963989258,2427000,0.0,0.0
2015-05-08,43.457679411186895,43.55217172411058,43.06080376667593,43.37263488769531,2548200,0.0,0.0
2015-05-11,43.38208076033671,43.797851965341465,43.155294172829244,43.55216979980469,3405100,0.0,0.0
2015-05-12,43.20254595985928,43.33483664017755,42.843468681387776,43.070255279541016,2230400,0.0,0.0
2015-05-13,43.10804748535156,43.46712474252674,42.919059265540916,43.10804748535156,2159800,0.0,0.0
2015-05-14,43.34428805738602,43.76951071160616,42.97576295861222,43.731712341308594,1959600,0.0,0.0
2015-05-15,43.95849223473372,44.32701727713945,43.87344771689775,43.930145263671875,2831500,0.0,0.0
2015-05-18,43.89235146100022,44.19473119925511,43.769508565880784,44.15693283081055,2890600,0.0,0.0
2015-05-19,44.29866247586771,45.06405939644982,44.166371828095485,44.837276458740234,3845700,0.0,0.0
2015-05-20,44.85618380164976,45.17746269242047,44.40261423902944,44.67664337158203,2206600,0.0,0.0
2015-05-21,44.723884993949675,45.25304758508667,44.45930009373138,45.16800308227539,3599300,0.0,0.0
2015-05-22,45.082970755955515,45.20581364978381,44.88453473068342,45.00737762451172,1832300,0.0,0.0
2015-05-26,44.90342244745798,45.40423807991061,44.89397105553442,45.30974578857422,3999500,0.0,0.0
2015-05-27,45.33810949258971,46.75551601380108,45.04517751386493,46.727169036865234,5447800,0.0,0.0
2015-05-28,46.57596900823863,46.82165116569442,45.73497523222597,46.405879974365234,4934000,0.0,0.0
2015-05-29,46.7177136917864,47.209081676822656,46.42478534247792,47.029544830322266,5617100,0.0,0.0
2015-06-01,47.17127687540014,47.596499458760796,46.65156198669285,47.03898620605469,4496100,0.0,0.0
2015-06-02,46.98228913465308,47.21852348693166,46.20744074755133,46.849998474121094,2680500,0.0,0.0
2015-06-03,47.13347871757354,47.152377898210254,46.62321165433268,46.82164764404297,1976000,0.0,0.0
2015-06-04,46.349181693518915,46.85944878705095,46.16019348058293,46.20744323730469,2080700,0.0,0.0
2015-06-05,46.01846915689735,46.46258744834021,45.74443634421569,46.311397552490234,2412000,0.0,0.0
2015-06-08,46.065695595595805,46.509817301492596,46.05624780818626,46.11294174194336,1906400,0.0,0.0
2015-06-09,45.99010697236709,46.65156395160456,45.84836850837726,46.528724670410156,2675500,0.0,0.0
2015-06-10,46.6893600084633,47.15238095242887,46.30193579194123,46.953941345214844,2012100,0.0,0.0
2015-06-11,47.05788954108151,47.28467614043872,46.86890130905895,47.1240348815918,2055700,0.0,0.0
2015-06-12,46.89725170625388,47.11458691061498,46.31138782877542,46.37753677368164,2033300,0.0,0.0
2015-06-15,46.15075582974567,46.632672454174916,46.027912923655414,46.55707931518555,3015000,0.0,0.0
2015-06-16,46.58540758214136,46.991730904394075,46.20743482969327,46.97283172607422,1817900,0.0,0.0
2015-06-17,47.01064064485951,47.59650088580486,46.972842279727416,47.40751266479492,2804400,0.0,0.0
2015-06-18,47.52089768080306,47.813825936819136,47.39805482250453,47.71933364868164,3696100,0.0,0.0
2015-06-19,47.58705100113291,47.832733154370736,47.4358611519134,47.47365951538086,2906800,0.0,0.0
2015-06-22,47.813842840104506,47.90833876629821,47.31302704755644,47.454769134521484,2040400,0.0,0.0
2015-06-23,47.634289097687734,48.050060211567576,47.47365148709202,47.69098663330078,2104100,0.0,0.0
2015-06-24,47.483098726761305,47.53034487023611,46.97283172607422,46.97283172607422,2561900,0.0,0.0
2015-06-25,47.09568092470419,52.33063507080078,46.84054739000452,52.33063507080078,3228100,0.0,0.0
2015-06-26,50.960483239099304,51.02662858036846,45.602685363742225,45.94286346435547,20823300,0.0,0.0
2015-06-29,45.83891530007162,46.00900433384668,44.449859663775776,44.478206634521484,5149400,0.0,0.0
2015-06-30,45.04517325614481,45.93341689912291,44.61050282917514,45.56489181518555,4268800,0.0,0.0
2015-07-01,46.065700618023484,46.339733343226264,45.19635989556678,45.76332092285156,5532100,0.0,0.0
2015-07-02,45.92396200242834,45.98065955126833,45.25305722874931,45.649932861328125,2070900,0.0,0.0
2015-07-06,45.394799635900924,45.73497772216797,45.13966607120064,45.73497772216797,3088100,0.0,0.0
2015-07-07,45.86727674827088,46.09405977729612,44.50656415551446,45.24361801147461,5656200,0.0,0.0
2015-07-08,44.74279090589635,44.81838763903933,43.901797075259175,43.92069625854492,3452800,0.0,0.0
2015-07-09,44.51600439914119,44.76168655314647,43.99628951611629,44.0057373046875,3417400,0.0,0.0
2015-07-10,44.41206212822744,44.59159895405036,44.24197309127921,44.374263763427734,2917500,0.0,0.0
2015-07-13,44.50656119970062,44.82784014002532,44.26087900046457,44.449867248535156,3050000,0.0,0.0
2015-07-14,44.44986107164991,44.94122900649109,43.73170654970877,44.84673309326172,5636300,0.0,0.0
2015-07-15,44.88453921275532,45.007382118850444,44.42151816956672,44.516014099121094,2099400,0.0,0.0
2015-07-16,44.78058601163866,45.56488583995815,44.78058601163866,45.356998443603516,3423500,0.0,0.0
2015-07-17,45.35699126681709,45.64047174130474,45.09240997124859,45.16800308227539,2324000,0.0,0.0
2015-07-20,45.45149306978103,46.33028524787919,45.375899942932556,46.28303909301758,3364200,0.0,0.0
2015-07-21,46.96340217907343,47.01064834089788,46.235799752093364,46.41533660888672,4412700,0.0,0.0
2015-07-22,46.34918699336534,47.30357595572998,46.3208400198112,47.265777587890625,2937300,0.0,0.0
2015-07-23,47.20906911242743,47.6153924610545,46.78384658425376,47.105125427246094,2457900,0.0,0.0
2015-07-24,47.15238165023405,47.53035447909409,46.61376757550442,46.764957427978516,2081000,0.0,0.0
2015-07-27,46.67045628568289,46.84054530123118,46.0845961235999,46.75550079345703,1683500,0.0,0.0
2015-07-28,46.79330438217937,46.840550535188726,45.51763662302424,46.160194396972656,4846300,0.0,0.0
2015-07-29,46.396431106964336,46.453128656225715,45.234158381985665,45.73497772216797,3629900,0.0,0.0
2015-07-30,45.31920332380652,46.03735786917445,45.31920332380652,45.87671661376953,1576800,0.0,0.0
2015-07-31,46.13184923467007,46.72716087894799,46.0562561078216,46.28303909301758,2539800,0.0,0.0
2015-08-03,46.45311981789364,46.76495087252524,45.34754485252688,45.81056213378906,3559500,0.0,0.0
2015-08-04,46.405880160061976,47.24687393943994,45.62158032243507,46.160194396972656,4867300,0.0,0.0
2015-08-05,46.25469720883475,46.41533487396376,45.84837374396014,45.93341827392578,4118200,0.0,0.0
2015-08-06,46.83110841639894,47.48311405802891,45.32865749903349,45.621585845947266,3223400,0.0,0.0
2015-08-07,45.4703924256601,45.80112272025087,44.827834624075784,45.649932861328125,3466000,0.0,0.0
2015-08-10,45.82946860375614,46.38698187116311,45.62158120093136,45.72552490234375,3064500,0.0,0.0
2015-08-11,45.50117576546792,45.94606048127748,45.28346722243252,45.63369369506836,1946700,0.083,0.0
2015-08-12,45.340288703950655,45.51067003053704,44.3747957235761,45.302425384521484,3520300,0.0,0.0
2015-08-13,45.26455159105547,45.794627107871854,45.05630699322689,45.113101959228516,2574800,0.0,0.0
2015-08-14,45.10362786164958,45.10362786164958,44.43156688537741,44.93324661254883,2594500,0.0,0.0
2015-08-17,44.772346537356086,46.10699775943245,44.73448322063961,46.08806610107422,1849600,0.0,0.0
2015-08-18,45.993398650507814,46.17324393871183,45.141492315133796,45.17935562133789,2847800,0.0,0.0
2015-08-19,44.91431430875721,45.6053033152497,44.69660574047957,45.3497314453125,2153500,0.0,0.0
2015-08-20,44.8291339546986,45.13203321567543,43.8068462407688,43.90150451660156,2515600,0.0,0.0
2015-08-21,43.3998253606128,43.844710236875194,42.60471388540132,42.61418151855469,3775200,0.0,0.0
2015-08-24,40.23831124936345,42.56685432721614,35.71375029318254,41.20380401611328,5725500,0.0,0.0
2015-08-25,42.20715854641625,42.44379881554601,40.285640716552734,40.285640716552734,3814300,0.0,0.0
2015-08-26,41.22273668389909,41.96105682415793,39.746103625069765,41.88533020019531,5873300,0.0,0.0
2015-08-27,42.320743662309816,43.683793884715634,41.75280847686996,43.4092903137207,4602100,0.0,0.0
2015-08-28,43.551273371748465,43.664863300294684,42.652043241243135,43.33356475830078,2711400,0.0,0.0
2015-08-31,43.29569763416179,43.45661125573873,42.37753239552558,42.47218704223633,2580000,0.0,0.0
2015-09-01,41.6013650619309,42.49113128146666,41.44044778183996,41.6297607421875,4346100,0.0,0.0
2015-09-02,42.14088909714846,42.746687457977416,41.5540223864508,42.708824157714844,2699700,0.0,0.0
2015-09-03,42.89815192758042,43.18211955635892,41.95159075775589,42.150367736816406,2932500,0.0,0.0
2015-09-04,41.62029383316668,42.33967869959311,41.203804627111886,41.65815353393555,4195500,0.0,0.0
2015-09-08,42.33020956082284,42.53845052783681,41.47830320671752,42.49112319946289,4134900,0.0,0.0
2015-09-09,42.765630019862364,42.84135302886536,41.50670204623621,41.60136032104492,2964700,0.0,0.0
2015-09-10,41.58242254763454,42.528983491380664,41.45936861391139,41.97051239013672,2871200,0.0,0.0
2015-09-11,42.21662707535628,42.718306954843385,41.762278143423224,42.595252990722656,2476200,0.0,0.0
2015-09-14,42.47219295966631,42.595246906209404,41.82853116199386,42.093570709228516,2182200,0.0,0.0
2015-09-15,42.31128740021532,42.71830901506856,42.10304277563612,42.65205001831055,1999900,0.0,0.0
2015-09-16,42.39647497289769,42.45326633122234,41.36472317015043,42.13143539428711,4242600,0.0,0.0
2015-09-17,42.35860427343943,44.13813994445478,42.35860427343943,43.55126953125,5470500,0.0,0.0
2015-09-18,42.88867302854054,43.257831178992994,42.500583227956795,42.708824157714844,8078600,0.0,0.0
2015-09-21,42.86027214487261,43.13477564524477,41.75279773493674,42.12195587158203,2502700,0.0,0.0
2015-09-22,41.658149460305,42.14089760905392,41.40258115901884,41.86639404296875,2368400,0.0,0.0
2015-09-23,41.83800135600073,42.27341859554212,41.63922439153759,41.95158767700195,1802500,0.0,0.0
2015-09-24,41.771741073942486,41.83800006004446,40.711590074623075,41.260597229003906,3202000,0.0,0.0
2015-09-25,41.75280381499612,41.78119948784446,39.641973343307704,40.238304138183594,3498000,0.0,0.0
2015-09-28,40.011138613553186,40.03953429142606,37.275577579248306,37.824581146240234,8954900,0.0,0.0
2015-09-29,38.14641727242605,38.591302210959824,36.89695672375353,37.53115463256836,7328400,0.0,0.0
2015-09-30,38.45877750664681,39.01724868559719,38.19373795014639,38.97938537597656,4954100,0.0,0.0
2015-10-01,38.8752629464872,39.130834869283134,38.21266947377669,39.0835075378418,4131800,0.0,0.0
2015-10-02,38.458773896891906,40.739985730181814,38.32625593650185,40.72105407714844,4036800,0.0,0.0
2015-10-05,40.844121424360836,41.07129411364825,40.08686949781667,40.560150146484375,5467700,0.0,0.0
2015-10-06,40.49388485706056,40.79678413630919,38.988852483549564,39.178165435791016,4622200,0.0,0.0
2015-10-07,39.36747498727752,40.427622373067024,39.02671242484848,40.3897590637207,4157200,0.0,0.0
2015-10-08,40.285643478839155,41.0807549820677,39.73663628360898,40.91037368774414,4434600,0.0,0.0
2015-10-09,40.806248803299155,40.99556174177769,40.48441789113884,40.512813568115234,2863000,0.0,0.0
2015-10-12,40.58853718367384,40.768382475952976,40.162584006335166,40.42761993408203,2848100,0.0,0.0
2015-10-13,40.266708640418386,40.815712181416444,39.93541010059668,40.05846405029297,3285500,0.0,0.0
2015-10-14,40.07740919995601,40.66427624783349,39.87863217563632,40.115272521972656,2940800,0.0,0.0
2015-10-15,39.46212556326544,40.81570804005165,39.35800688961104,40.70212173461914,2481500,0.0,0.0
2015-10-16,40.90089535018705,41.781197270195776,40.88196369901185,41.582420349121094,4120400,0.0,0.0
2015-10-19,41.46885187006981,41.658161241472335,40.919844582637054,41.440452575683594,1924800,0.0,0.0
2015-10-20,41.326858737883846,41.44044506230048,40.54121487863953,40.78731918334961,2890400,0.0,0.0
2015-10-21,41.06182112525931,41.23220241045141,37.417558759588346,39.43373489379883,9647400,0.0,0.0
2015-10-22,39.46213259223272,39.660913175700706,37.843513910848905,38.619693756103516,8908000,0.0,0.0
2015-10-23,38.960456790648045,40.872510747002444,38.85633448641008,40.2667121887207,7391500,0.0,0.0
2015-10-26,40.17205129914363,40.66426349850298,39.74610169796088,40.08686065673828,2929300,0.0,0.0
2015-10-27,40.23831193309815,41.04289105781657,40.03007094046438,40.456024169921875,4570300,0.0,0.0
2015-10-28,40.40869392576571,41.449913350371006,40.0490032909576,41.02396011352539,3219100,0.0,0.0
2015-10-29,40.9955599165605,41.56349509586634,40.92930093266961,41.22273254394531,3019000,0.0,0.0
2015-10-30,41.061820007058664,41.355251626242286,40.59800349647889,40.71158981323242,3774400,0.0,0.0
2015-11-02,41.21327617813987,42.14090573577345,40.86304592869315,41.87586975097656,4298800,0.0,0.0
2015-11-03,44.06937698712187,44.47716362485767,43.054653107443855,44.22111129760742,8007200,0.083,0.0
2015-11-04,44.24006933965035,44.70475398617537,43.841764596426906,44.145233154296875,7718100,0.0,0.0
2015-11-05,44.15472197604313,44.36335436459825,42.599440975359045,43.11154556274414,5177500,0.0,0.0
2015-11-06,43.05464220000052,43.88917888743427,42.51408862973737,43.59519577026367,3496200,0.0,0.0
2015-11-09,43.41500798388898,43.661578432147245,42.63736940269968,43.43397521972656,3707900,0.0,0.0
2015-11-10,43.481404506652076,43.66159149219144,42.92188354378573,43.509857177734375,2963200,0.0,0.0
2015-11-11,43.54777716545293,43.54777716545293,42.73220768998452,42.75117492675781,2118900,0.0,0.0
2015-11-12,42.68479426839191,42.855495807631925,42.16320783966125,42.229591369628906,2858600,0.0,0.0
2015-11-13,42.07784773928749,42.751171935927395,41.91663166443882,42.533050537109375,3283700,0.0,0.0
2015-11-16,42.675314605162406,43.07361580501426,42.419262283415684,42.959815979003906,3532300,0.0,0.0
2015-11-17,42.70375196768884,43.727960974312516,42.41925067172568,43.40552520751953,3638700,0.0,0.0
2015-11-18,43.44346597564712,44.76165827820335,43.01671216102765,44.74269104003906,3378000,0.0,0.0
2015-11-19,44.619406454643936,44.771140744550976,44.16420358492283,44.47715759277344,2928500,0.0,0.0
2015-11-20,44.57198540160814,45.11253897770657,44.43921836433911,44.87545394897461,3679400,0.0,0.0
2015-11-23,44.79010992078923,44.97977869578654,44.20213997416543,44.5340576171875,3265300,0.0,0.0
2015-11-24,44.15471137641516,44.56249786281545,43.90814095236244,44.50559616088867,1713500,0.0,0.0
2015-11-25,44.38231363545865,44.790100146543494,44.24954660722269,44.54353332519531,2196800,0.0,0.0
2015-11-27,44.70476340097438,44.790114176952045,44.48664555517175,44.647865295410156,1155100,0.0,0.0
2015-11-30,44.64786115629399,44.8090772639554,44.05988759067582,44.28749084472656,3481900,0.0,0.0
2015-12-01,44.39181294360927,44.6952815652264,43.82280656485365,44.581478118896484,2956900,0.0,0.0
2015-12-02,44.63837580207052,44.742693809616,43.69003554093857,43.97453689575195,2335100,0.0,0.0
2015-12-03,44.078853117717635,44.13575483342769,42.618408306503795,42.8649787902832,2465300,0.0,0.0
2015-12-04,43.01671783388105,44.09782522840151,42.83653085637348,44.05989074707031,2237600,0.0,0.0
2015-12-07,44.06936752736695,44.41077055708306,43.00722396433226,43.53829574584961,2108700,0.0,0.0
2015-12-08,43.102068652375586,43.81332389872624,43.05465235947846,43.56675338745117,1335200,0.0,0.0
2015-12-09,43.25379967733398,43.79435333412285,42.646862492001276,42.87446212768555,1768000,0.0,0.0
2015-12-10,42.827048198019746,44.08834254510769,42.81756638669006,43.71848678588867,2472300,0.0,0.0
2015-12-11,43.045164638432816,43.62365278681811,42.988266537038236,43.46243667602539,4233700,0.0,0.0
2015-12-14,43.481400728888865,44.23059042414309,43.19689936620391,44.18317413330078,3895900,0.0,0.0
2015-12-15,44.61939864806006,45.188404848881575,44.44869714957663,44.54353332519531,4154100,0.0,0.0
2015-12-16,44.970291394141526,45.093576635399096,43.77538431140392,44.65734100341797,3441900,0.0,0.0
2015-12-17,44.82803390010485,45.112535187152055,44.088329830256086,44.3159294128418,2642300,0.0,0.0
2015-12-18,44.192657470703125,45.15996503134485,44.08834307429977,44.192657470703125,5439700,0.0,0.0
2015-12-21,44.41077631017611,44.92287730345869,44.15472400471931,44.89442825317383,2467100,0.0,0.0
2015-12-22,45.04616666901155,45.95657253766952,44.94184865158861,45.25480270385742,2404600,0.0,0.0
2015-12-23,45.36860240638029,45.61516930517509,45.150484560391845,45.50136947631836,2368400,0.0,0.0
2015-12-24,45.387563429583054,45.947084303121336,45.1694456134757,45.64361572265625,965300,0.0,0.0
2015-12-28,45.482400881018194,45.71000414958619,45.13151597553912,45.42550277709961,928300,0.0,0.0
2015-12-29,45.871220964075604,46.108306047686376,45.48240157165919,45.833290100097656,1483800,0.0,0.0
2015-12-30,45.833286254949016,46.13675484710104,45.52981404516601,45.76689910888672,1453700,0.0,0.0
2015-12-31,45.45394343513475,45.89966446088607,45.34014363068164,45.4444580078125,1768500,0.0,0.0
2016-01-04,44.51508707846609,45.25479488436538,44.33490374527087,44.828041076660156,2871700,0.0,0.0
2016-01-05,45.05564552942502,45.615166444525926,44.83752769711533,45.529815673828125,3116700,0.0,0.0
2016-01-06,44.82804382728969,45.85224941099632,44.81855839896382,45.53929901123047,4670500,0.0,0.0
2016-01-07,44.56250687526874,45.520328870154046,43.89866802238618,44.154720306396484,4324400,0.0,0.0
2016-01-08,44.51509565440069,45.11255110028915,43.2917393268043,43.509857177734375,4946100,0.0,0.0
2016-01-11,43.71848987361302,43.946093155543515,41.56576040424559,42.277015686035156,4306900,0.0,0.0
2016-01-12,41.60367814583839,42.72271972559197,41.01570831130643,42.646854400634766,7774900,0.0,0.0
2016-01-13,42.91238112256706,42.98825005217417,40.80706535515542,41.01570129394531,4197600,0.0,0.0
2016-01-14,41.10107192506583,42.10631402314878,40.45620018178718,41.85026168823242,4794900,0.0,0.0
2016-01-15,40.77863342211136,41.58472124037969,40.56051558443442,41.13900375366211,4529100,0.0,0.0
2016-01-19,41.92309188313763,42.50284956354304,40.611509231201644,41.048702239990234,4595000,0.095,0.0
2016-01-20,40.45944956946649,42.08466972962701,40.30738224966617,41.61896514892578,5212900,0.0,0.0
2016-01-21,41.6189704972496,41.74252271788469,40.84912755244672,40.94417190551758,3777400,0.0,0.0
2016-01-22,41.42888893693289,41.64748552921321,40.963180631242366,41.24831008911133,3397500,0.0,0.0
2016-01-25,41.10574409068524,41.599963876670735,40.92516524844059,41.058223724365234,2364200,0.0,0.0
2016-01-26,41.153252076105915,41.87557447891792,41.01069102003519,41.69499206542969,3797500,0.0,0.0
2016-01-27,41.50491634849799,42.16070968057079,40.67805043585324,41.01070022583008,3242500,0.0,0.0
2016-01-28,41.24830189307697,41.41937808357686,40.59250862097043,40.716064453125,5660400,0.0,0.0
2016-01-29,41.05821027720481,41.21027757496751,40.497461436910385,40.915645599365234,7032600,0.0,0.0
2016-02-01,40.86813401095713,41.238797902127914,40.40242577232515,40.830116271972656,4702400,0.0,0.0
2016-02-02,40.32639463317533,40.42143535674635,39.31894628569495,39.65159606933594,3441500,0.0,0.0
2016-02-03,39.7656432594668,39.91771058333285,38.44455770358595,39.26192092895508,5145100,0.0,0.0
2016-02-04,39.1098582365418,39.87019494591234,38.90076428187562,39.48052215576172,3949800,0.0,0.0
2016-02-05,39.271413211483775,39.451991978042614,38.59661486608123,38.88174057006836,4058100,0.0,0.0
2016-02-08,38.39703621826694,38.69166461023059,37.627193374395304,38.197444915771484,4314300,0.0,0.0
2016-02-09,37.61769123004633,38.92927051695426,37.437108793383395,37.88380813598633,6277600,0.0,0.0
2016-02-10,38.17842789936987,38.473059854022196,37.30404190580055,37.38007736206055,6629200,0.0,0.0
2016-02-11,37.04744991474759,37.570181300777286,36.36314489997576,37.40861129760742,8058200,0.0,0.0
2016-02-12,37.836291887196566,38.473072731447175,37.266036651085265,38.42555236816406,6734700,0.0,0.0
2016-02-16,39.59457070767096,39.79415840880282,37.76025640548654,38.42555236816406,5614300,0.0,0.0
2016-02-17,38.75818877688317,39.91770420198037,38.46356042337648,39.72761917114258,7226900,0.0,0.0
2016-02-18,39.499528673116295,40.269367959295664,39.47101355563362,39.93672180175781,5350400,0.0,0.0
2016-02-19,39.984244678074255,40.13631202045095,39.34746381486291,39.75614547729492,3844500,0.0,0.0
2016-02-22,40.03176434055719,40.70656655948998,39.7181270385944,40.649539947509766,3476600,0.0,0.0
2016-02-23,40.46895853443741,41.05821898504502,40.19333536579617,40.26936721801758,2499000,0.0,0.0
2016-02-24,39.86068558881054,40.316887578852345,39.204895907920026,40.26936721801758,3086800,0.0,0.0
2016-02-25,40.26934935081137,40.79208033920428,39.71810688368215,40.773075103759766,4135900,0.0,0.0
2016-02-26,40.85862376552194,41.19126985564255,40.12679874168613,40.259857177734375,2654300,0.0,0.0
2016-02-29,40.01274283415991,40.07927204767503,39.01480100586285,39.02430725097656,3550500,0.0,0.0
2016-03-01,39.433002094877125,40.05077408981039,38.853244216526555,40.01275634765625,5280700,0.0,0.0
2016-03-02,39.832174894349365,40.08878919867657,39.45200474892287,39.65159606933594,2507700,0.0,0.0
2016-03-03,39.65159667302927,39.77514889043844,38.682166050446256,39.04332733154297,4473700,0.0,0.0
2016-03-04,39.043326974543824,39.271426162729895,38.60613021697327,38.77720642089844,3557900,0.0,0.0
2016-03-07,38.58711637289807,39.375968058817236,38.4540579260131,39.157371520996094,3540500,0.0,0.0
2016-03-08,38.81523158753507,39.100357440108084,38.168944388064524,38.2354736328125,3266300,0.0,0.0
2016-03-09,38.53959387230898,38.58711422561339,37.864795428902866,38.45405578613281,4083700,0.0,0.0
2016-03-10,37.940830441051325,38.59662369841855,37.399090391834584,37.93132781982422,7999500,0.0,0.0
2016-03-11,38.20695630233939,39.83217667690512,38.035880091798646,39.794158935546875,5890900,0.0,0.0
2016-03-14,39.56605557668717,39.6420874258347,39.03381813037051,39.26192092895508,3338500,0.0,0.0
2016-03-15,39.02431539043143,39.052826880578884,37.98835561674575,38.701171875,7034600,0.0,0.0
2016-03-16,38.83422586370923,38.83422586370923,38.11190344142815,38.45405578613281,5147400,0.0,0.0
2016-03-17,38.48256887010508,38.653641407869394,37.560658837198226,37.7507438659668,7288100,0.0,0.0
2016-03-18,37.94083358692155,39.00530853116192,37.826783994885496,38.834232330322266,5812800,0.0,0.0
2016-03-21,38.88175055359746,39.946221813735924,38.85323906354897,39.556549072265625,5461700,0.0,0.0
2016-03-22,39.528034763021275,40.76358212647165,39.528034763021275,40.630523681640625,7592600,0.0,0.0
2016-03-23,40.67805306354932,40.71607080638617,40.06028105752233,40.52598571777344,5261500,0.0,0.0
2016-03-24,40.17432133139304,40.92515526299431,40.041262887933705,40.37390899658203,4796600,0.0,0.0
2016-03-28,40.383403736328596,40.52596475988448,39.88918421174834,40.08877182006836,2038300,0.0,0.0
2016-03-29,39.91770657422219,41.001186601145484,39.78464813239941,40.982177734375,2763500,0.0,0.0
2016-03-30,41.09623856195527,42.1797187899592,41.08673231402047,41.83756637573242,5311700,0.0,0.0
2016-03-31,41.24830207279935,42.34128482178757,41.105737371571294,42.13219451904297,6326700,0.0,0.0
2016-04-01,41.837565459374844,42.82600493980904,41.79004509745557,42.75947570800781,4549300,0.0,0.0
2016-04-04,42.864020451269745,43.757419236988135,42.79749121729982,43.49129867553711,5400600,0.0,0.0
2016-04-05,43.10557260199513,43.79130097237772,42.86747287706934,43.66748809814453,6004300,0.095,0.0
2016-04-06,43.61987357962809,45.334191057181116,43.524635132641656,45.019901275634766,6180800,0.0,0.0
2016-04-07,44.72464759103859,44.99132173041492,44.60083836062393,44.94369888305664,5865600,0.0,0.0
2016-04-08,45.105602447330305,45.20084086289021,44.32463581377859,44.70559310913086,4872700,0.0,0.0
2016-04-11,44.7627491977447,44.800846026455986,44.26750132383857,44.448455810546875,3962100,0.0,0.0
2016-04-12,44.61036793619766,44.8770384854169,44.38179058464278,44.772274017333984,3634800,0.0,0.0
2016-04-13,44.905610652367805,45.238948822021484,44.71513014123132,45.238948822021484,3295700,0.0,0.0
2016-04-14,45.01988348873011,45.67703723277498,44.877022241579624,45.400840759277344,3065300,0.0,0.0
2016-04-15,45.477036410813156,45.848471310147964,45.30560435987208,45.81990051269531,3189400,0.0,0.0
2016-04-18,45.69609917781282,46.458017577722615,45.49609627904528,46.25801467895508,3033300,0.0,0.0
2016-04-19,46.37228713958814,46.762770425429764,46.05799748664848,46.248477935791016,2426200,0.0,0.0
2016-04-20,46.24848153004974,46.40086517458398,45.61037252079766,46.16276550292969,2702100,0.0,0.0
2016-04-21,46.115152635979,46.50563966973545,45.753243672631264,46.13420104980469,2998900,0.0,0.0
2016-04-22,46.22943047431185,46.6199137681503,45.88656638545614,46.324668884277344,2117600,0.0,0.0
2016-04-25,46.038948067612374,46.05799647541964,44.96273664173138,45.067501068115234,5239600,0.0,0.0
2016-04-26,45.14371655329309,45.486577160464975,44.71513625293565,45.343719482421875,3360100,0.0,0.0
2016-04-27,45.34372421057532,45.53420476760894,45.08657600354708,45.200862884521484,2490100,0.0,0.0
2016-04-28,44.98179570769799,45.372279077488976,44.734173613755516,44.94369888305664,1888600,0.0,0.0
2016-04-29,44.915129854500265,45.05799113598931,44.40083360087569,44.791316986083984,3342300,0.0,0.0
2016-05-02,44.95323550738612,45.8103924652865,44.63894207964283,45.74372482299805,3705400,0.0,0.0
2016-05-03,45.61037979114625,46.067530797619376,45.35323166879638,45.85800552368164,4474600,0.0,0.0
2016-05-04,45.62943122073033,45.75324409518405,43.85796868282892,44.810367584228516,5430400,0.0,0.0
2016-05-05,45.06751668866749,45.98181878164297,44.79132012939983,45.9437255859375,3536200,0.0,0.0
2016-05-06,45.0579884942769,45.45799424601291,44.62940830805038,45.0865592956543,3499600,0.0,0.0
2016-05-09,45.124661968585016,45.74371908838665,44.877036214173515,45.238948822021484,6012400,0.0,0.0
2016-05-10,44.086540855601946,44.419878978815554,43.94367958387436,44.34368896484375,12371400,0.0,0.0
2016-05-11,44.28655180723771,44.619889991251,43.800829934373525,43.81035232543945,5596500,0.0,0.0
2016-05-12,43.66748944509309,44.21035654401986,43.39129651682609,44.0484504699707,6171400,0.0,0.0
2016-05-13,44.14368494311153,44.38178465398724,43.83891760383968,44.18178176879883,3167500,0.0,0.0
2016-05-16,43.94368126463363,44.70559959905879,43.88653966024749,44.54369354248047,3694300,0.0,0.0
2016-05-17,44.48655151049118,44.68655440648041,44.029400476895745,44.28654861450195,2562600,0.0,0.0
2016-05-18,44.14367236754979,44.972261741191915,44.105579185827665,44.72463607788086,3498500,0.0,0.0
2016-05-19,44.562727942560116,44.696063155019104,43.73413860837292,44.21986389160156,2189200,0.0,0.0
2016-05-20,44.47702491752544,44.85798225963532,44.3055928419864,44.819889068603516,5065200,0.0,0.0
2016-05-23,44.76275263941691,44.80084947105735,44.191314697265625,44.191314697265625,2356000,0.0,0.0
2016-05-24,44.581812094423384,45.1056309775542,44.51514443474027,45.038963317871094,3450200,0.0,0.0
2016-05-25,45.13417601873206,45.29608569486795,44.6484542565502,44.76274108886719,4637700,0.0,0.0
2016-05-26,44.65798378529448,45.21037689051596,44.543696934705494,45.07704162597656,3116900,0.0,0.0
2016-05-27,45.277049248744326,45.41038452720109,44.857991364321535,44.93418502807617,2023200,0.0,0.0
2016-05-31,45.16276168823242,45.43895828762217,44.86752030478016,45.16276168823242,2804200,0.0,0.0
2016-06-01,45.229420369432006,45.71514215627265,44.98179464820887,45.57228088378906,2140700,0.0,0.0
2016-06-02,45.6103776166415,45.88657413856572,45.39132633021945,45.83895492553711,1750900,0.0,0.0
2016-06-03,45.80085165769716,45.819900066851105,45.17226868806708,45.648468017578125,2287000,0.0,0.0
2016-06-06,45.64847417061066,46.11514754189212,45.55323574511613,46.10562515258789,2006600,0.0,0.0
2016-06-07,45.791344092905554,46.21992072171105,45.61038596392092,46.04848861694336,2432500,0.0,0.0
2016-06-08,46.06752507797365,46.26753157037778,45.91514142806891,46.14371871948242,1827200,0.0,0.0
2016-06-09,46.058005302837856,46.36277261994094,45.63894751698636,45.84847640991211,2121200,0.0,0.0
2016-06-10,45.08657038067182,45.33419253075376,44.715135338991914,45.13418960571289,4378900,0.0,0.0
2016-06-13,44.924656842341754,45.06751813845209,43.953213108000746,43.99130630493164,2829900,0.0,0.0
2016-06-14,43.83891640024949,44.98179570769799,43.78177479640062,44.94369888305664,4244700,0.0,0.0
2016-06-15,44.943700344306805,45.43894818140687,44.886558738600094,44.97227478027344,3517900,0.0,0.0
2016-06-16,44.762753830538166,45.10561805819796,44.343699570683924,45.0103759765625,2366900,0.0,0.0
2016-06-17,44.96274817444009,45.0103673896162,44.229400634765625,44.229400634765625,4010000,0.0,0.0
2016-06-20,44.772274730749466,45.057997333024296,44.600846255743896,44.67703628540039,2543500,0.0,0.0
2016-06-21,44.88657957672186,45.11515337188823,44.457999169391194,45.038963317871094,2698500,0.0,0.0
2016-06-22,44.91513192395481,45.515144247495584,44.61036456697519,45.07704162597656,2640200,0.0,0.0
2016-06-23,45.33418481132835,45.61990737915039,45.18180113727617,45.61990737915039,2291500,0.0,0.0
2016-06-24,44.029399576345625,45.10561132288237,43.98178035919552,44.29607009887695,6423700,0.0,0.0
2016-06-27,44.09606953032765,44.37226609070937,43.124622190205216,43.257957458496094,5046800,0.0,0.0
2016-06-28,43.80673821028468,44.30302047729492,43.59677011527598,44.30302047729492,3628500,0.095,0.0
2016-06-29,44.742041887213595,45.219239422066515,44.551162145126774,45.08562469482422,3603900,0.0,0.0
2016-06-30,45.037906132530786,45.36240063142727,44.827941673759135,45.29559326171875,3769000,0.0,0.0
2016-07-01,45.33376409799937,45.7918732772602,45.190603386661806,45.28604507446289,2008300,0.0,0.0
2016-07-05,45.02835700962276,45.45783549366629,44.70386255953743,45.333763122558594,2655400,0.0,0.0
2016-07-06,45.05698954982003,45.94457723980617,44.86610981119528,45.89685821533203,3451600,0.0,0.0
2016-07-07,45.90640039620064,45.97320775836597,45.2955881474158,45.515098571777344,2338000,0.0,0.0
2016-07-08,45.658261612687774,46.39314627469297,45.61054258595566,46.28816223144531,2852000,0.0,0.0
2016-07-11,46.36452115179034,46.459959216709684,46.07819967557469,46.087745666503906,2011600,0.0,0.0
2016-07-12,46.31678290459746,46.68899632964659,46.02092281839307,46.64127731323242,1824100,0.0,0.0
2016-07-13,46.83217463917716,47.03259676795757,46.70810223723878,46.94670104980469,2574300,0.0,0.0
2016-07-14,47.35707792994703,47.77701405158312,47.11847918473668,47.700660705566406,2617900,0.0,0.0
2016-07-15,47.796115787340376,47.97744957387365,47.26165313757487,47.41435623168945,2089100,0.0,0.0
2016-07-18,47.423884138708075,47.92016995361257,47.31890375156968,47.452518463134766,2756800,0.0,0.0
2016-07-19,47.24255687797195,47.47161330111895,46.76535933375001,47.11848449707031,2305700,0.0,0.0
2016-07-20,47.261646946769645,48.0442506566847,47.20438192870447,47.95835494995117,2530800,0.0,0.0
2016-07-21,47.920166573482284,48.09195794501347,47.72928686725568,47.85335922241211,1710800,0.0,0.0
2016-07-22,47.881999804286906,48.06333720102334,47.59568200611105,47.9678955078125,1308000,0.0,0.0
2016-07-25,47.90107732528664,47.948799981478885,47.462056557847134,47.710201263427734,2053700,0.0,0.0
2016-07-26,47.71974781426703,47.76746683393573,47.42388406715655,47.643394470214844,2582500,0.0,0.0
2016-07-27,47.64338739336574,47.77700572560968,47.366615664107236,47.57658004760742,3930000,0.0,0.0
2016-07-28,47.57659756363771,47.88200372546623,47.30936808221991,47.77702331542969,2852900,0.0,0.0
2016-07-29,47.710202954743146,48.27329609493447,47.691114619735075,48.168312072753906,3501500,0.0,0.0
2016-08-01,48.16832027247263,48.42600737785632,48.072878581185186,48.10151290893555,3715300,0.0,0.0
2016-08-02,47.929715941997415,47.958346625696265,47.04212834005466,47.452518463134766,5500500,0.0,0.0
2016-08-03,49.771710372909986,49.800341063437656,48.4069249665843,48.874576568603516,5425500,0.0,0.0
2016-08-04,49.17998279335226,49.61900734607858,48.855488284326036,49.06545639038086,4520300,0.0,0.0
2016-08-05,49.38039462101674,49.38039462101674,48.69322911555579,48.76003646850586,4222000,0.0,0.0
2016-08-08,48.69322915540058,48.731405825896914,48.17785502588315,48.48326110839844,5174600,0.0,0.0
2016-08-09,48.5119075217565,48.65506461070378,48.33057011206991,48.60734558105469,3666700,0.0,0.0
2016-08-10,48.45463294960797,49.628538323054414,48.301929900396914,49.44720458984375,5086400,0.0,0.0
2016-08-11,49.52355924434736,49.78124634828531,49.28496047855981,49.695350646972656,3056900,0.0,0.0
2016-08-12,49.56173608347394,49.72398149719295,49.34222565511563,49.60945510864258,1980700,0.0,0.0
2016-08-15,49.78124667190621,50.08665280284142,49.70489695953654,49.991214752197266,2280700,0.0,0.0
2016-08-16,49.78124293597545,50.06756070714889,49.57127487144186,49.71443557739258,2696900,0.0,0.0
2016-08-17,49.91486358642578,49.98167095294992,49.332681986091096,49.91486358642578,3027600,0.0,0.0
2016-08-18,50.01030325435675,50.23935603294464,49.714439471225106,49.90531921386719,1842500,0.0,0.0
2016-08-19,49.685807894042476,50.21072444635898,49.685807894042476,50.143917083740234,2713900,0.0,0.0
2016-08-22,49.62854617738365,49.886233296345935,48.7791351041719,48.89366149902344,5297800,0.0,0.0
2016-08-23,49.046361154246306,49.284959917316755,48.89365809151034,48.91274642944336,3518500,0.0,0.0
2016-08-24,48.92229215146199,49.07499522472753,48.254218481380526,48.32102584838867,3262800,0.0,0.0
2016-08-25,48.311469124222974,48.70277089006931,48.06332805057334,48.168312072753906,2919300,0.0,0.0
2016-08-26,48.349657005812475,48.82685456948639,48.16832324227863,48.44509506225586,2707100,0.0,0.0
2016-08-29,48.44509506225586,48.63597481587113,48.12060057332846,48.44509506225586,2370700,0.0,0.0
2016-08-30,48.36874332483181,48.57871140911086,48.07287953705028,48.435550689697266,2878600,0.0,0.0
2016-08-31,48.42601686608518,48.84594946784357,48.177872060846475,48.769596099853516,3446700,0.0,0.0
2016-09-01,48.81730570209175,48.81730570209175,48.311473876440225,48.77912902832031,2695000,0.0,0.0
2016-09-02,48.99864415689283,49.055909173060996,48.75050303495416,48.92229080200195,2226500,0.0,0.0
2016-09-06,49.06545030845297,49.35176810075518,48.826851541413085,48.950923919677734,3957400,0.0,0.0
2016-09-07,49.09407456428102,49.67625606211075,49.046355545269755,49.66671371459961,3766400,0.0,0.0
2016-09-08,49.65718038658324,49.723987758377284,48.96047233735345,49.06545639038086,5517300,0.0,0.0
2016-09-09,48.89365668821623,48.89365668821623,48.08242237335115,48.09196472167969,3173300,0.0,0.0
2016-09-12,47.901084536356535,48.998640260909795,47.78655815385479,48.81730651855469,5678000,0.0,0.0
2016-09-13,48.416459747664526,48.59779349387338,47.90108555436172,48.0251579284668,3880000,0.0,0.0
2016-09-14,48.120602292226046,48.51190780351568,48.05379492218358,48.24467468261719,3544600,0.0,0.0
2016-09-15,48.39738302465301,48.60735114803088,47.910643041320405,48.40692901611328,3331000,0.0,0.0
2016-09-16,48.55008002724445,48.55008002724445,48.006075085623046,48.20649719238281,8679600,0.0,0.0
2016-09-19,48.34011003795011,48.52144378415897,47.97743890480427,48.0251579284668,2429000,0.0,0.0
2016-09-20,48.34010012652967,48.43553815428657,48.206481790651665,48.29237747192383,1722800,0.0,0.0
2016-09-21,48.29238650453648,48.78867235129797,48.12059510986027,48.73141098022461,2487000,0.0,0.0
2016-09-22,48.865034732000346,49.45675873373672,48.8173157003767,49.27542495727539,3172900,0.0,0.0
2016-09-23,49.275418702107444,49.40903342998369,48.98910090798289,49.160888671875,2560500,0.0,0.0
2016-09-26,49.05591398388863,49.05591398388863,48.731419475236464,48.874576568603516,3267000,0.0,0.0
2016-09-27,48.86502788148052,49.51401681461901,48.5691641017259,49.50447082519531,3203400,0.0,0.0
2016-09-28,49.60945258638737,49.790786329100065,48.884113974808514,49.38994216918945,2842300,0.0,0.0
2016-09-29,49.38040292571459,49.54264834138583,48.60734160205911,48.6932373046875,2877900,0.0,0.0
2016-09-30,48.807769248280565,49.74307609403257,48.62643547353321,49.638092041015625,3971600,0.0,0.0
2016-10-03,49.399494327660435,50.03894100972695,49.27542557203683,49.97213363647461,2412700,0.0,0.0
2016-10-04,50.038930525763305,50.21072191834161,49.4185723147052,49.92440414428711,3189800,0.0,0.0
2016-10-05,49.924399660238834,50.029380043405006,49.58081690594172,49.80032730102539,2607500,0.0,0.0
2016-10-06,49.57128170825584,49.64763506615425,49.05591110535551,49.29450988769531,2702500,0.0,0.0
2016-10-07,49.70488848304087,49.82895719957438,49.19905670685048,49.485374450683594,3323600,0.0,0.0
2016-10-10,49.62854375357967,50.716553553353165,49.62854375357967,50.28707504272461,3118800,0.0,0.0
2016-10-11,49.92441049219559,49.96258353038935,47.93926687698028,48.6359748840332,7512200,0.0,0.0
2016-10-12,48.70277963586645,49.2181538514497,48.47372685609275,49.07499313354492,4602000,0.0,0.0
2016-10-13,48.79822134575867,48.86502870994427,48.3401121453167,48.6932373046875,2812200,0.0,0.0
2016-10-14,48.82684717358441,48.83638952149196,47.89154052734375,47.89154052734375,2485400,0.0,0.0
2016-10-17,47.86291641804832,47.99653115147686,47.595683310462825,47.74838638305664,2644600,0.0,0.0
2016-10-18,48.2637558189998,48.79821834029557,48.20649080719837,48.73141098022461,2032600,0.0,0.0
2016-10-19,49.04635846326437,49.04635846326437,48.50235360456941,48.77912902832031,1605200,0.0,0.0
2016-10-20,48.75050764259562,49.065456159466926,48.6455235900623,48.960472106933594,1497800,0.0,0.0
2016-10-21,48.65505899982695,48.836392747873624,48.387829552025906,48.61688232421875,2032200,0.0,0.0
2016-10-24,48.73141600646423,48.85548475040521,48.49281722710758,48.702781677246094,1674000,0.0,0.0
2016-10-25,48.158764377669186,48.158764377669186,47.37616087371962,47.710201263427734,3556800,0.0,0.0
2016-10-26,47.29982571569821,47.37617543576393,46.50767598073564,46.54585266113281,3930100,0.0,0.0
2016-10-27,46.879889512786534,47.00396190371304,46.4408686104049,46.54585266113281,2564500,0.0,0.0
2016-10-28,46.27860205347757,46.4981124044612,45.715509017223226,46.34540939331055,3621800,0.0,0.0
2016-10-31,46.469501642256525,46.55539735711473,45.58191380229798,45.62009048461914,4635800,0.0,0.0
2016-11-01,45.529234040242734,45.806560639395485,44.81201234117899,45.184967041015625,8722800,0.095,0.0
2016-11-02,48.68501494158518,48.75195535012256,46.695921741657074,47.919979095458984,8106200,0.0,0.0
2016-11-03,47.977358791004654,48.02517649964302,46.58116779106874,46.8106803894043,4550200,0.0,0.0
2016-11-04,46.91587051391451,48.02517343103541,46.82980375103536,47.757408142089844,4234200,0.0,0.0
2016-11-07,48.407694496113336,48.618080748687134,47.642658552180166,47.7956657409668,9364500,0.0,0.0
2016-11-08,47.54701874573206,48.73282325550282,47.19318674461009,48.1303596496582,3852200,0.0,0.0
2016-11-09,49.622178713228394,49.90906666717623,48.12079489452241,48.77107620239258,5102900,0.0,0.0
2016-11-10,49.3926779759257,49.574372858939455,48.273810028161996,48.85715103149414,5661800,0.0,0.0
2016-11-11,48.61806843028072,48.73282288080047,47.93909943006975,48.39812088012695,3526600,0.0,0.0
2016-11-14,48.627634480306355,48.77108029330161,46.762860799239434,46.82023620605469,3681300,0.0,0.0
2016-11-15,46.581157837773524,47.040179288383584,46.13170138603892,47.001930236816406,5996800,0.0,0.0
2016-11-16,47.10712877638322,47.470522196212926,46.63854588447813,46.70548629760742,2941500,0.0,0.0
2016-11-17,46.93500270683612,47.39402428331633,46.66723738457159,47.05931854248047,3645100,0.0,0.0
2016-11-18,47.09756226008085,47.91997712890806,47.07843590871527,47.709590911865234,4747900,0.0,0.0
2016-11-21,47.76696713737154,47.95822699172306,47.57570728302002,47.814781188964844,2730200,0.0,0.0
2016-11-22,47.67133148347451,47.81477727448918,46.92542212534544,47.4609489440918,3018500,0.0,0.0
2016-11-23,47.2218798046778,47.986915588378906,46.73416698458321,47.986915588378906,2056200,0.0,0.0
2016-11-25,48.14948409642486,48.283368550553625,47.872161132818334,47.986915588378906,804700,0.0,0.0
2016-11-28,47.814787059269364,48.18774181465506,47.61396582913533,47.95823287963867,2695200,0.0,0.0
2016-11-29,47.843478675809344,48.36944429484698,47.843478675809344,48.24512481689453,2313600,0.0,0.0
2016-11-30,48.398120614130484,48.598941813430876,48.072979966129665,48.17817306518555,3782100,0.0,0.0
2016-12-01,48.206863237091916,48.3407440434892,46.49509315991891,47.01149368286133,4252000,0.0,0.0
2016-12-02,47.164499208211076,47.2027519081379,46.428151150521856,46.9541130065918,3182800,0.0,0.0
2016-12-05,46.81067813009472,47.66178077188173,46.81067813009472,47.64265441894531,2578200,0.0,0.0
2016-12-06,47.50876506524433,48.0347269086232,47.384445617471016,48.02516555786133,2573000,0.0,0.0
2016-12-07,48.96233895007285,49.13447246221749,47.61396220359213,49.01971435546875,4037800,0.0,0.0
2016-12-08,48.675446811069776,49.44048255065887,48.44593426520397,49.421356201171875,3217000,0.0,0.0
2016-12-09,49.593500861416594,50.186403237055345,49.34486191009846,49.622188568115234,2664300,0.0,0.0
2016-12-12,49.55524386977183,49.660436982544844,48.551134094356165,48.694576263427734,5021800,0.0,0.0
2016-12-13,49.01972230943969,49.18229449639024,48.589392107230914,48.81890106201172,5177700,0.0,0.0
2016-12-14,48.79976737566588,49.22053980950849,48.35987223844726,48.618072509765625,2890500,0.0,0.0
2016-12-15,49.889932821662626,50.46371229133128,49.402223738023096,50.03337860107422,3995200,0.0,0.0
2016-12-16,50.167274475097656,50.444601119802,49.94732688901522,50.167274475097656,3959800,0.0,0.0
2016-12-19,50.16727839848237,50.74105808563807,49.9760185027638,50.100337982177734,2137800,0.0,0.0
2016-12-20,50.894058801324114,51.14269408055836,50.52110405848343,50.779300689697266,2580800,0.0,0.0
2016-12-21,50.99924479572386,51.075746544820156,50.425465261600095,50.79841995239258,2754600,0.0,0.0
2016-12-22,50.36808980657808,51.037497486815965,50.36808980657808,50.93230438232422,1515800,0.0,0.0
2016-12-23,50.87492354191135,51.42957305908203,50.855797193322296,51.42957305908203,1942400,0.0,0.0
2016-12-27,51.429583050537325,51.783415096208415,51.305267232524045,51.37220764160156,1345000,0.0,0.0
2016-12-28,51.41046077632686,51.49652754453637,51.0183796429233,51.10444641113281,1241900,0.0,0.0
2016-12-29,51.13313101838428,51.42958034355871,51.066190612830155,51.276573181152344,1046700,0.0,0.0
2016-12-30,51.29569908868562,51.39133084434884,50.94187071267787,51.19050598144531,1701200,0.0,0.0
2017-01-03,51.52521328595262,52.003361135474876,51.008812732953714,51.247886657714844,3579700,0.0,0.0
2017-01-04,51.37220063533988,51.81209573442068,50.779294738688506,51.745155334472656,3316300,0.0,0.0
2017-01-05,51.773845960949046,51.80253366312567,51.257445433899356,51.57302474975586,2469100,0.0,0.0
2017-01-06,51.496521779084716,52.328501661289465,51.381767316979385,51.735595703125,2845800,0.0,0.0
2017-01-09,51.72603245071253,51.97466771746828,51.05662475839997,51.5921516418457,2123300,0.0,0.0
2017-01-10,51.668652855663545,51.91729176778898,51.34351218840764,51.57302474975586,2087100,0.0,0.0
2017-01-11,51.486960984342495,51.74516126285725,50.40634581455376,50.980125427246094,3400500,0.0,0.0
2017-01-12,50.769737394084096,51.23832387867478,50.71235834046734,51.05662536621094,1513600,0.0,0.0
2017-01-13,51.20962460524631,51.525203879347565,51.018364770758694,51.39132308959961,2458700,0.0,0.0
2017-01-17,51.16181985569234,51.33395337321333,50.6167315995354,50.89405822753906,2213400,0.0,0.0
2017-01-18,51.1575564772801,51.75163084956597,50.82219279660018,51.071319580078125,3199900,0.105,0.0
2017-01-19,51.07132056743645,51.37793984004023,50.89884676969807,51.26295852661133,2902500,0.0,0.0
2017-01-20,51.38753057905138,52.11575053448662,51.35878250548027,51.713314056396484,3573500,0.0,0.0
2017-01-23,51.40668910188914,51.742052796829576,51.34919661624644,51.502506256103516,2978600,0.0,0.0
2017-01-24,51.50249796000937,51.73246421034677,51.22462314028197,51.53124237060547,2490900,0.0,0.0
2017-01-25,51.83785967672723,52.0199173509167,51.48333189017366,51.742042541503906,5709100,0.0,0.0
2017-01-26,51.38752689257756,52.163655374698834,51.3491985673594,51.5887451171875,2272000,0.0,0.0
2017-01-27,51.82827134290562,52.431929435205234,51.71329006753055,52.3648567199707,2326800,0.0,0.0
2017-01-30,52.115744254310194,52.23072556916726,51.61748701634278,52.000762939453125,2317100,0.0,0.0
2017-01-31,51.75161755577318,52.67147877469989,51.55039939905351,52.642730712890625,3616500,0.0,0.0
2017-02-01,52.63316301504436,53.03559942446189,52.3361240067672,53.00685501098633,2492100,0.0,0.0
2017-02-02,52.70982086721371,53.39013584216981,52.43194964919585,53.3709716796875,2723000,0.0,0.0
2017-02-03,53.5146914875283,53.72549359629224,53.20807223215704,53.581764221191406,2309400,0.0,0.0
2017-02-06,53.332633011999896,53.51468703749097,53.102666761999465,53.43803405761719,2894300,0.0,0.0
2017-02-07,53.76381308857393,53.96503125652164,53.36137309748928,53.63924789428711,2402700,0.0,0.0
2017-02-08,53.62966294588878,53.965026529760685,53.39969673467025,53.620079040527344,2888900,0.0,0.0
2017-02-09,53.620079040527344,54.13750027437735,53.57217047928692,53.620079040527344,2655800,0.0,0.0
2017-02-10,53.65841846469557,53.74465535486428,53.22723401385205,53.39970779418945,6160900,0.0,0.0
2017-02-13,52.22113881236587,53.16974459357119,52.17323024174108,52.83437728881836,5636000,0.0,0.0
2017-02-14,52.834372158513176,52.949353447885734,52.49900854151435,52.719390869140625,5216300,0.0,0.0
2017-02-15,52.499004681013744,52.997261771908,51.933674871651895,52.84395217895508,5639900,0.0,0.0
2017-02-16,52.403198263344024,52.58525596781558,49.82567888314219,50.573062896728516,12881800,0.0,0.0
2017-02-17,50.79343932358664,51.28211624080508,50.132292285502984,50.31434631347656,8167500,0.0,0.0
2017-02-21,50.29519653595648,51.41627266421185,50.151467140194846,51.23421859741211,5931400,0.0,0.0
2017-02-22,50.64971870243383,51.30128555406149,50.52515348383709,51.14797592163086,3595600,0.0,0.0
2017-02-23,51.26296584087516,51.54084073856676,51.032999526015416,51.339622497558594,4673400,0.0,0.0
2017-02-24,51.29170403113504,51.65581579578578,50.9755044986887,51.627071380615234,4819700,0.0,0.0
2017-02-27,51.59831547200467,51.91451861160702,51.310860398395896,51.57915496826172,4220600,0.0,0.0
2017-02-28,51.22463164634291,51.71330863876062,51.01383317498502,51.08090591430664,4106300,0.0,0.0
2017-03-01,51.483332843744144,51.81870013361622,51.310859072996095,51.63664245605469,3581100,0.0,0.0
2017-03-02,51.742043975876705,51.81870061033193,51.08089695205317,51.13838577270508,3299900,0.0,0.0
2017-03-03,51.10965300303178,51.473764789244605,51.023416097223226,51.18630599975586,2483600,0.0,0.0
2017-03-06,50.79343540077568,51.10005826633986,50.668873859503535,50.860511779785156,1832300,0.0,0.0
2017-03-07,50.649707283703215,51.14796439057059,50.43890521593917,50.85092544555664,2763200,0.0,0.0
2017-03-08,50.80302341202525,51.17671537641458,50.58264106521075,50.78385925292969,2095300,0.0,0.0
2017-03-09,50.83177261085645,51.473759207861896,50.69762713974216,51.445011138916016,3188000,0.0,0.0
2017-03-10,51.45458957797594,51.51207839937746,50.975496571952306,51.109642028808594,2833500,0.0,0.0
2017-03-13,51.10007125875803,51.38752638467254,51.01383435546465,51.32045364379883,2297800,0.0,0.0
2017-03-14,51.100072749137645,51.310871231521624,50.84136203171198,51.18630599975586,2277500,0.0,0.0
2017-03-15,51.15754532225529,52.11573123548034,51.15754532225529,52.01033020019531,2926100,0.0,0.0
2017-03-16,52.20197656554403,52.20197656554403,51.83786483611469,52.15406799316406,3245900,0.0,0.0
2017-03-17,52.336116821305176,52.52775474694122,51.59831318347952,51.742042541503906,4510200,0.0,0.0
2017-03-20,51.78036762792724,52.17322370614195,51.57914946339539,52.01033020019531,2180600,0.0,0.0
2017-03-21,52.1923973554493,52.49901661103213,51.01382890645468,51.157554626464844,3008300,0.0,0.0
2017-03-22,51.16713627597253,51.694137869796826,51.01382665494747,51.61748123168945,3276800,0.0,0.0
2017-03-23,51.63664429811837,51.9240993745565,51.35876947364601,51.55040740966797,3015600,0.0,0.0
2017-03-24,51.59831619262695,51.94326374785085,51.34918943340393,51.59831619262695,2384000,0.0,0.0
2017-03-27,51.25338508635466,51.90494838585434,51.167148176022415,51.713314056396484,3168400,0.0,0.0
2017-03-28,51.56000294641217,52.03909606693385,51.44501796574985,51.89536666870117,2328200,0.0,0.0
2017-03-29,51.78036688688916,52.00074920515429,51.47374769146036,51.56956481933594,2269900,0.0,0.0
2017-03-30,51.56958231393542,51.56958231393542,51.02341645834582,51.23421859741211,2697500,0.0,0.0
2017-03-31,50.76469381770963,51.40668033810886,50.76469381770963,51.13838577270508,3163800,0.0,0.0
2017-04-03,51.119224422679935,51.21504522101355,50.611386984675775,50.94675064086914,2806500,0.0,0.0
2017-04-04,50.95155346829761,51.04756020713741,50.279495309152054,50.54832077026367,3001600,0.105,0.0
2017-04-05,50.63472161542878,51.20117008961504,50.5195091491245,50.56751251220703,3762900,0.0,0.0
2017-04-06,50.57711538227664,50.65392003072432,50.16427986740758,50.56751251220703,4210500,0.0,0.0
2017-04-07,50.48110740155065,50.65391877186866,50.27948742173976,50.44270324707031,2218700,0.0,0.0
2017-04-10,50.500316723013675,50.94195727007595,50.375508687630195,50.63473129272461,1772300,0.0,0.0
2017-04-11,50.47152694004769,50.74995169001241,50.26991053314498,50.74034881591797,1976400,0.0,0.0
2017-04-12,50.471518560010885,51.105172635370224,50.43311439485631,51.09557342529297,2764500,0.0,0.0
2017-04-13,50.989960995750764,51.22998152112152,50.845947215559285,50.9803581237793,2104900,0.0,0.0
2017-04-17,50.970757820241744,51.43159677957187,50.88435028646594,51.3643913269043,1975300,0.0,0.0
2017-04-18,51.07636820886669,51.49880301237969,50.932354429584564,51.41239547729492,2194400,0.0,0.0
2017-04-19,51.575600925284135,52.026836928583684,51.498792615194624,51.700408935546875,4102700,0.0,0.0
2017-04-20,51.83483604700252,52.286072159716824,51.50840797481414,52.122859954833984,2232800,0.0,0.0
2017-04-21,52.06525581996725,52.20926961093526,51.84443735959306,52.026851654052734,2124700,0.0,0.0
2017-04-24,52.49728369446883,52.94852340336223,52.410876168562055,52.7949104309082,2770600,0.0,0.0
2017-04-25,52.91972351074219,52.958127673131585,52.51649079292102,52.91972351074219,4346100,0.0,0.0
2017-04-26,52.94852436296908,53.457366656740845,52.88131891520384,53.35175704956055,2665800,0.0,0.0
2017-04-27,53.43816903796459,54.38865191950986,53.303758131213705,54.206233978271484,2986400,0.0,0.0
2017-04-28,54.20623218127466,54.359845164243595,53.841403635737436,53.87020492553711,3341800,0.0,0.0
2017-05-01,53.89900965187923,54.302246046896606,53.79340003265033,54.03342056274414,3607800,0.0,0.0
2017-05-02,54.04302430853134,54.27344197018952,53.65898998920412,54.21583938598633,3728600,0.0,0.0
2017-05-03,53.85100125096806,54.14862799897095,53.28455270633179,53.3709602355957,5795900,0.0,0.0
2017-05-04,53.26534971790853,57.22088659164596,53.26534971790853,56.52002716064453,6923200,0.0,0.0
2017-05-05,56.41441973995943,57.230491681264304,56.1455979374894,57.0960807800293,6896000,0.0,0.0
2017-05-08,57.01926319756552,57.35529405850139,55.972773784793645,56.46241760253906,3160700,0.0,0.0
2017-05-09,56.4528141649001,57.307286457461466,56.212793693397614,57.05766677856445,3130500,0.0,0.0
2017-05-10,56.635240448445515,57.7297333744796,56.635240448445515,57.508914947509766,4052800,0.0,0.0
2017-05-11,57.29769355863518,57.49930989791433,56.884858009203306,57.336097717285156,3175500,0.0,0.0
2017-05-12,57.63373716247605,57.78735017828984,57.19210019981431,57.48972702026367,3425100,0.0,0.0
2017-05-15,57.38410101525563,57.67212487993917,57.18248467621937,57.60491943359375,2319400,0.0,0.0
2017-05-16,57.835345397056756,57.96975630061071,57.50891734738753,57.9217529296875,1816300,0.0,0.0
2017-05-17,57.921754579756296,57.921754579756296,57.3072989621984,57.345703125,2397600,0.0,0.0
2017-05-18,57.34570147531415,57.883348751802146,57.23049265264616,57.518516540527344,1583700,0.0,0.0
2017-05-19,57.585717115421915,58.190569792443874,57.54731295697751,57.90254592895508,2567700,0.0,0.0
2017-05-22,57.97935058342176,58.449792368310426,57.87374097891071,57.90254592895508,3117300,0.0,0.0
2017-05-23,58.0849638271318,59.00664171301071,58.0849638271318,58.977840423583984,3330500,0.0,0.0
2017-05-24,58.977832479499256,59.99552063042589,58.9394283238216,59.81310272216797,3689100,0.0,0.0
2017-05-25,60.06273761573615,60.13954227943148,59.688302519545225,60.081939697265625,2864900,0.0,0.0
2017-05-26,60.27394138493595,60.590770174497365,59.89951002448835,60.1107292175293,1985500,0.0,0.0
2017-05-30,59.95712190426928,60.19714240535729,59.390673375204685,59.77470397949219,2884400,0.0,0.0
2017-05-31,60.08193853517321,60.197147359699144,59.621095912224455,59.79391098022461,3789800,0.0,0.0
2017-06-01,59.95712354393586,60.1395378112793,59.51548668883767,60.1395378112793,3112500,0.0,0.0
2017-06-02,60.27395641347394,60.77319957269123,59.89952495966666,60.00513458251953,4110100,0.0,0.0
2017-06-05,59.92832966771727,60.27395984859833,59.66911069447945,60.16835021972656,3364600,0.0,0.0
2017-06-06,60.005118768946666,60.56196802908496,59.995519561409225,60.46595764160156,2420400,0.0,0.0
2017-06-07,60.41796182509347,60.88839996404212,60.341153505513624,60.73478698730469,1904700,0.0,0.0
2017-06-08,60.73479215715495,60.95561426353263,59.96672720808877,60.081939697265625,3202000,0.0,0.0
2017-06-09,59.99553073264777,60.58117772444654,59.880318246215,60.09153747558594,2021700,0.0,0.0
2017-06-12,60.11073740295476,60.206744142453104,58.814624445193004,59.381072998046875,4522600,0.0,0.0
2017-06-13,59.35703536377783,59.91482800938621,58.587660631192925,59.58784484863281,2007100,0.105,0.0
2017-06-14,59.63592906128696,60.20334090128473,59.347415374719574,59.84750747680664,1822100,0.0,0.0
2017-06-15,59.462830584925136,60.14564724391228,59.36665689930308,60.00138854980469,1605500,0.0,0.0
2017-06-16,60.328363305269,60.588026717152,59.885975419238925,60.15525436401367,2821300,0.0,0.0
2017-06-19,60.47261588937486,60.86691873393742,60.38606142746356,60.61687088012695,1839500,0.0,0.0
2017-06-20,60.95347674080057,61.40548014049168,60.44376547161225,60.5880241394043,2077500,0.0,0.0
2017-06-21,60.71304807358071,61.04964674022838,60.4341499391296,60.5880241394043,2363000,0.0,0.0
2017-06-22,60.588033526811145,61.39587412058133,60.40530903212714,61.07850646972656,2379300,0.0,0.0
2017-06-23,61.06888922308506,61.08812395914145,60.08793969611394,60.3764533996582,5215500,0.0,0.0
2017-06-26,60.46300730489876,60.51109231025889,59.85712963378974,60.31875228881836,1911700,0.0,0.0
2017-06-27,60.31874626739265,60.780368876338976,60.22257259762234,60.35721206665039,2329900,0.0,0.0
2017-06-28,60.5880248806733,61.03041275329419,60.21295674220557,60.539939880371094,1635200,0.0,0.0
2017-06-29,60.65535105233314,60.857310276227075,59.674401533725906,60.107173919677734,1782100,0.0,0.0
2017-06-30,60.068687878208266,60.52069487536833,59.98213342489357,59.99175262451172,1890200,0.0,0.0
2017-07-03,60.01100824808956,60.43416146236681,59.8859842900743,60.270668029785156,744300,0.0,0.0
2017-07-05,60.30912857083502,60.4726219791986,59.95329515543261,60.15525436401367,3000300,0.0,0.0
2017-07-06,59.96290091086392,60.107159561270926,59.29931919002145,59.42434310913086,2319600,0.0,0.0
2017-07-07,59.914827431498026,60.40530400222271,59.74171848520114,60.1937255859375,2289500,0.0,0.0
2017-07-10,60.107166000575475,60.30912519786134,59.89558760228536,60.07831573486328,1596800,0.0,0.0
2017-07-11,60.02062128406532,60.107175763911386,59.58784888483498,59.828277587890625,1220200,0.0,0.0
2017-07-12,60.05908201489026,60.53032014984189,60.02061254752473,60.16487121582031,2016200,0.0,0.0
2017-07-13,60.164874055938064,60.67458168231627,60.09755431919568,60.636112213134766,2976100,0.0,0.0
2017-07-14,60.73228538969408,61.097734337979894,60.49185671225056,60.924625396728516,2131400,0.0,0.0
2017-07-17,61.02079853045964,61.07849906460065,60.61687644822042,60.65534591674805,1695800,0.0,0.0
2017-07-18,60.588021850410364,60.588021850410364,59.8763514081201,60.068695068359375,1808400,0.0,0.0
2017-07-19,60.30913345945161,60.386072403424144,59.905215009548144,60.030235290527344,1850600,0.0,0.0
2017-07-20,60.164870749249964,60.53031968043753,60.126401282182755,60.34759521484375,1394600,0.0,0.0
2017-07-21,60.34759472042515,60.991941779595486,60.00137685695739,60.74189758300781,2097200,0.0,0.0
2017-07-24,60.78036600680968,61.03041019910677,60.63610734329007,60.866920471191406,1811900,0.0,0.0
2017-07-25,60.56879961334693,60.61688462116452,58.78000944078532,58.93388366699219,6067900,0.0,0.0
2017-07-26,58.54920473838302,59.81866812588192,58.47226578464309,59.68402862548828,3153600,0.0,0.0
2017-07-27,59.68402159711344,59.81866108165197,59.337803683356775,59.63593292236328,2090500,0.0,0.0
2017-07-28,59.77057704709382,60.251434453205114,59.68402256724776,59.828277587890625,1540600,0.0,0.0
2017-07-31,60.05908407272262,60.4245366879162,59.93406013382605,60.12640380859375,2130400,0.0,0.0
2017-08-01,60.20333499281821,60.28988945715887,59.54936874416662,59.88597106933594,1751000,0.0,0.0
2017-08-02,59.66477915011603,59.82826888345528,59.03004761314247,59.183921813964844,1831100,0.0,0.0
2017-08-03,58.88579576145527,60.07832370736338,58.856945491914594,59.89559555053711,1768800,0.0,0.0
2017-08-04,59.982150805960295,60.443773467853475,59.491677874152174,59.741722106933594,1277500,0.0,0.0
2017-08-07,59.74170493890765,59.95328330721795,58.90501433395745,59.46281051635742,4208300,0.0,0.0
2017-08-08,58.17411882141533,58.66459166208903,57.22201973597209,57.702877044677734,4663700,0.0,0.0
2017-08-09,57.65480108567846,58.53957691144493,57.472072931789214,58.481876373291016,4017300,0.0,0.0
2017-08-10,58.53958166189402,59.02043908500159,57.42399258703048,57.45284652709961,2690700,0.0,0.0
2017-08-11,57.750970474917075,57.91446389144922,57.35666757094628,57.44322204589844,2285200,0.0,0.0
2017-08-14,57.8856123371325,58.50111288916007,57.74135731870715,58.41455841064453,2475400,0.0,0.0
2017-08-15,58.52995737458262,59.318563137052315,58.241443697595,58.69344711303711,2220800,0.0,0.0
2017-08-16,58.92426806550409,59.18393150980327,58.74154356854582,59.14546203613281,1388900,0.0,0.0
2017-08-17,59.06850492479034,59.597450853477,58.54918186453858,58.568416595458984,1765700,0.0,0.0
2017-08-18,58.385701977024084,58.741539078298956,58.12603855257377,58.424171447753906,1513100,0.0,0.0
2017-08-21,58.491490176852984,59.11660622513736,58.32800043205126,59.001197814941406,1806300,0.0,0.0
2017-08-22,58.9146473735674,59.443593451538604,58.76077315142601,59.24163055419922,3459300,0.0,0.0
2017-08-23,59.087753754834914,59.241627970264794,58.885794534955195,59.01081848144531,1597900,0.0,0.0
2017-08-24,59.251247459851974,59.251247459851974,58.80885954692579,59.039669036865234,2099000,0.0,0.0
2017-08-25,59.366651628406316,59.5974647847554,58.895413450975816,58.98196792602539,1965900,0.0,0.0
2017-08-28,59.17430261279763,59.472435481925494,59.03004761314247,59.183921813964844,2102100,0.0,0.0
2017-08-29,59.01082254693715,59.308951796255855,58.74154356854582,59.14546203613281,1331300,0.0,0.0
2017-08-30,59.16468891637239,59.80903600585923,59.145454182091385,59.568607330322266,2101800,0.0,0.0
2017-08-31,59.780187931820194,60.41491951177709,59.51090897930835,60.29951477050781,2934200,0.0,0.0
2017-09-01,60.34759270876457,60.55917110019761,60.0398443223075,60.46299743652344,1407500,0.0,0.0
2017-09-05,60.299514817252245,60.828457189517934,60.24181061224758,60.75151824951172,2859900,0.0,0.0
2017-09-06,61.11696318124345,61.16504817836706,60.64572507332186,60.96308898925781,3216100,0.0,0.0
2017-09-07,61.145816982070976,62.62685836963293,60.8092146656341,62.367191314697266,2558500,0.0,0.0
2017-09-08,62.36719338740335,62.588390984614605,62.146003127492556,62.22293472290039,2608200,0.0,0.0
2017-09-11,62.828823686229036,62.88652422082016,62.049829782744176,62.78073501586914,1842400,0.0,0.0
2017-09-12,62.75187857795555,62.992307231510935,62.684558848452056,62.89613723754883,1832000,0.0,0.0
2017-09-13,62.81920448469687,63.309681040624234,62.72303448127801,62.78073501586914,1517200,0.0,0.0
2017-09-14,62.607621981405075,62.77111171025799,62.290254387302035,62.75188064575195,2584700,0.0,0.0
2017-09-15,62.90575910639898,63.126949368164006,62.38643231221512,62.703792572021484,2115400,0.0,0.0
2017-09-18,62.80958177105712,62.915370970092745,62.165234713149566,62.703792572021484,1584900,0.0,0.0
2017-09-19,62.87691992009731,62.90577753153259,62.0594636913618,62.29989242553711,2005800,0.0,0.0
2017-09-20,62.242177274062776,62.58839515703007,61.55936070968309,62.01136779785156,2634700,0.0,0.0
2017-09-21,62.03060362360623,62.37682153314071,61.742086253226994,61.780555725097656,1232200,0.0,0.0
2017-09-22,61.838264209562176,62.078692908141655,61.49204262797281,61.7036247253418,1538400,0.0,0.0
2017-09-25,61.72284498288445,61.81901497801304,61.07849427584245,61.23236846923828,2214300,0.0,0.0
2017-09-26,61.270836787986866,61.68437436287016,60.86691841362648,60.90538787841797,1580000,0.0,0.0
2017-09-27,60.96310224834803,61.24200042843375,60.60726878986161,60.78999328613281,1959700,0.0,0.0
2017-09-28,60.94386366054917,61.29008156310213,60.3860710042755,60.89577865600586,1689700,0.0,0.0
2017-09-29,60.934236503879355,61.338154867376474,60.482229476361155,61.31892013549805,1981400,0.0,0.0
2017-10-02,61.39586156103829,61.92480386894142,61.25160290040555,61.30930709838867,1838500,0.0,0.0
2017-10-03,61.30931932219447,61.64591803924813,60.9727206051408,61.15544509887695,1809500,0.0,0.0
2017-10-04,61.24199297085746,61.55936058582241,61.049649295301464,61.13620376586914,1954400,0.0,0.0
2017-10-05,60.99193951245672,61.54012022167102,60.857300052479566,61.30930709838867,2345500,0.0,0.0
2017-10-06,61.30930709838867,61.51126628835439,61.14581737374503,61.30930709838867,2543600,0.0,0.0
2017-10-09,61.36702378516918,61.4247243262448,61.078506405187575,61.29008483886719,1257600,0.0,0.0
2017-10-10,61.30931745296981,61.57859641840284,61.01118454934697,61.540130615234375,2014600,0.0,0.0
2017-10-11,61.45358175200315,61.81903076171875,61.347792529161396,61.81903076171875,1612000,0.0,0.0
2017-10-12,61.78055700348345,62.45376176919804,61.73247566562634,62.42491149902344,1837900,0.0,0.0
2017-10-13,62.444135723051176,63.02116307520806,62.24217651666131,62.93461227416992,2401600,0.0,0.0
2017-10-16,63.0788588762569,63.28082540479354,62.85766862088868,63.19426727294922,2453400,0.0,0.0
2017-10-17,63.136569075073886,63.578956939449334,62.92499067530724,63.29043960571289,2251600,0.0,0.0
2017-10-18,63.38662435168866,63.38662435168866,62.7518890781885,63.050018310546875,1723200,0.0,0.0
2017-10-19,62.99230164679976,63.17502975523779,62.66532222885757,63.06924057006836,1572000,0.0,0.0
2017-10-20,63.11732977801311,63.463547638667706,62.74226165185404,63.41546630859375,1690100,0.0,0.0
2017-10-23,63.66551078700408,63.80976946078283,62.77111581433697,62.78073501586914,1782100,0.0,0.0
2017-10-24,62.82882049579946,63.21350782724149,62.3575750295652,62.49222183227539,1780700,0.0,0.0
2017-10-25,62.328729277611814,62.50183822243233,61.81902164489058,61.915191650390625,1964400,0.0,0.0
2017-10-26,62.117146386417915,62.117146386417915,61.15543539477524,61.2996940612793,3112800,0.0,0.0
2017-10-27,61.31892610630717,61.90557631409829,61.08811663859133,61.59782791137695,2911700,0.0,0.0
2017-10-30,61.597826401062385,61.597826401062385,60.61687334704584,60.8188362121582,3912200,0.0,0.0
2017-10-31,60.98232980484403,61.684381105098964,60.82845559750939,61.37663269042969,3798400,0.0,0.0
2017-11-01,61.742089394823765,62.588403144438026,61.5689804312483,62.040225982666016,3066000,0.0,0.0
2017-11-02,61.8382681640135,65.2523514997859,61.8382681640135,64.73302459716797,5185600,0.0,0.0
2017-11-03,65.17539762300558,66.16596986095735,64.85803736962141,66.0601806640625,4320700,0.0,0.0
2017-11-06,66.28138212433461,67.78166219874103,66.21406238195944,67.0411376953125,3884100,0.0,0.0
2017-11-07,67.06036180439801,67.57006936476634,65.54085098636787,65.82936096191406,5010100,0.0,0.0
2017-11-08,65.49708494794373,67.05745932307293,65.26592082337552,66.95150756835938,3933500,0.105,0.0
2017-11-09,66.61436786886941,66.94184964919098,66.42172504346931,66.74921417236328,2406600,0.0,0.0
2017-11-10,66.41212005087316,66.69144675818718,66.0557435283428,66.58549499511719,1905700,0.0,0.0
2017-11-13,66.46987755269929,66.74920409593312,66.03643677241038,66.34465789794922,2747300,0.0,0.0
2017-11-14,66.24835531843102,67.37528837737045,66.04608584748597,67.32713317871094,2372000,0.0,0.0
2017-11-15,67.12488014370551,67.7413226866415,66.79739090919746,67.05745697021484,2075500,0.0,0.0
2017-11-16,67.3945600806324,67.89541679624578,67.14412804853902,67.81836700439453,2055500,0.0,0.0
2017-11-17,67.65461333588571,68.50222711565607,67.65461333588571,68.18437194824219,2355100,0.0,0.0
2017-11-20,68.19399753573107,68.52147929320107,67.89540301433985,68.33847045898438,2268300,0.0,0.0
2017-11-21,68.41555083058992,69.4846949173786,68.35776164165249,68.73340606689453,2725400,0.0,0.0
2017-11-22,68.70452605260391,69.18612232548311,68.33850818212713,68.45409393310547,1437200,0.0,0.0
2017-11-24,68.55036891104396,68.79116689711499,68.31920490201576,68.66595458984375,1200300,0.0,0.0
2017-11-27,68.85859862678439,69.1571931637794,68.59854000276657,68.9067611694336,1997500,0.0,0.0
2017-11-28,68.95491880546957,68.99344737123893,68.6370709978743,68.76228332519531,2610400,0.0,0.0
2017-11-29,69.34020779602707,69.44615953107089,68.65634218256386,68.97419738769531,1618400,0.0,0.0
2017-11-30,69.19574749205579,70.03372763457611,69.19574749205579,69.62918853759766,2602100,0.0,0.0
2017-12-01,69.56173681124741,69.6869491426736,68.65633385741464,69.6387939453125,1932200,0.0,0.0
2017-12-04,69.77366074737508,70.11077662220096,68.38666132114864,68.40592193603516,3581400,0.0,0.0
2017-12-05,68.213285274462,69.12831511235464,68.00138177131007,68.24217987060547,2261500,0.0,0.0
2017-12-06,68.00137377780783,68.49260390022775,67.88579540682005,68.35775756835938,1507400,0.0,0.0
2017-12-07,68.35776044047034,69.19573305963571,68.15549093416925,69.00309753417969,2694400,0.0,0.0
2017-12-08,69.24387927886514,69.33057038886965,68.6755994688398,69.23424530029297,1640000,0.0,0.0
2017-12-11,69.1957496009002,69.32096933609725,68.88752827734561,69.12832641601562,1172500,0.0,0.0
2017-12-12,69.12830570607413,69.985553583609,69.00309335696508,69.57138061523438,1939900,0.0,0.0
2017-12-13,69.48469435701281,70.3034063708461,69.40763720666808,69.71585845947266,1595100,0.0,0.0
2017-12-14,69.59065272147491,69.79292224894016,68.93568157838861,69.11869049072266,1364500,0.0,0.0
2017-12-15,69.55212317619893,69.60991236936458,68.88751806049433,69.31132507324219,2843200,0.0,0.0
2017-12-18,69.31129762478271,70.2359610921251,69.2631424324066,69.95663452148438,1657800,0.0,0.0
2017-12-19,70.13966008692731,70.87168826220801,70.05297631083323,70.12039947509766,1946300,0.0,0.0
2017-12-20,70.0047968212095,70.46713222757357,69.51356682980492,70.03369140625,1806300,0.0,0.0
2017-12-21,70.31303697617577,70.61162423370901,69.60990337304146,69.61953735351562,1163500,0.0,0.0
2017-12-22,69.60990262271521,69.70622772927058,69.14757444497454,69.3402099609375,1345700,0.0,0.0
2017-12-26,69.73511891852266,69.87959922273076,69.25352280354471,69.67732238769531,791900,0.0,0.0
2017-12-27,69.91811810935377,70.01444320799015,69.5906362894246,69.78327178955078,1159800,0.0,0.0
2017-12-28,69.82179687122795,69.92774859557635,69.48468108856164,69.72547912597656,710500,0.0,0.0
2017-12-29,69.87959677690351,70.08186625628588,69.38836669921875,69.38836669921875,1704100,0.0,0.0
2018-01-02,69.86998879832186,69.91814401691025,68.83937305875722,69.12832641601562,2135600,0.0,0.0
2018-01-03,69.12829656395695,69.52320886815508,68.71412365035607,69.44615173339844,2328200,0.0,0.0
2018-01-04,70.07224743789928,70.22636174995836,69.60028521722435,69.86034393310547,2534000,0.0,0.0
2018-01-05,70.14928413050029,71.19916001798504,69.89885212074589,70.65977478027344,2166100,0.0,0.0
2018-01-08,70.7272019410865,71.68076013992987,70.46714328633763,71.50738525390625,3631400,0.0,0.0
2018-01-09,71.95044751074688,72.69210954892793,71.72891744116119,72.3453598022461,2721800,0.0,0.0
2018-01-10,71.83488173928001,72.04678521586487,70.58272884050064,71.18954467773438,2257200,0.0,0.0
2018-01-11,71.32440311801865,71.93121170970258,71.00654784917582,71.84452056884766,1629300,0.0,0.0
2018-01-12,72.15272318030738,72.90401183672553,72.01786952666356,72.61505126953125,1915700,0.0,0.0
2018-01-16,73.26039343364545,73.58788258973071,72.4416815662918,72.75953674316406,2599100,0.0,0.0
2018-01-17,73.01958850836827,74.1946840100743,72.61504960244163,73.94425201416016,2769600,0.0,0.0
2018-01-18,73.95005481692006,73.95005481692006,73.17823135503508,73.64132690429688,2589000,0.126,0.0
2018-01-19,73.98865369717024,74.20090553721933,73.53520792263893,73.9211196899414,4829600,0.0,0.0
2018-01-22,73.96935820722632,74.84730771107436,73.92112383401867,74.7508316040039,4195100,0.0,0.0
2018-01-23,74.57715515339356,75.56122300465833,74.25877744596978,74.85693359375,2264100,0.0,0.0
2018-01-24,75.40689743554128,75.74456757121247,74.86661785781047,75.57090759277344,2585300,0.0,0.0
2018-01-25,75.70593423869649,76.58387611123986,75.59015852950986,76.45845794677734,2327300,0.0,0.0
2018-01-26,76.6900339445399,77.30748992938896,76.58390800708248,77.2688980102539,2532800,0.0,0.0
2018-01-29,76.99874382712319,77.13381183200039,76.32340380273718,76.39093780517578,2662400,0.0,0.0
2018-01-30,75.67700545127845,75.91819936731576,75.165675526984,75.59017181396484,3808700,0.0,0.0
2018-01-31,75.72525234744512,75.99538840039843,73.84394243533785,74.02725219726562,4136400,0.0,0.0
2018-02-01,74.13335877008863,75.51298826927247,73.98864830846259,75.07884216308594,2981800,0.0,0.0
2018-02-02,74.79905938029239,75.36828087491926,74.02724323114404,74.07547760009766,2595200,0.0,0.0
2018-02-05,73.94041041673756,74.21054643999271,70.60228731672618,71.2293930053711,2962000,0.0,0.0
2018-02-06,70.1777723028133,71.93366353082473,69.5892586212759,70.68910217285156,4924300,0.0,0.0
2018-02-07,70.13919550242387,72.35818271666355,70.1295530443999,71.25833892822266,4534900,0.0,0.0
2018-02-08,71.35482503668956,71.93368910744614,68.98147719412835,68.99112701416016,2730000,0.0,0.0
2018-02-09,69.68574530989062,70.31284356571598,67.72724464536122,69.801513671875,3296500,0.0,0.0
2018-02-12,70.37075214588548,71.4320040980692,70.0427245326473,70.61194610595703,3828000,0.0,0.0
2018-02-13,70.53476093116683,71.19080878451486,70.39004308574418,70.6601791381836,2416200,0.0,0.0
2018-02-14,70.22601527051744,71.94331462323306,70.21636545374558,71.83718872070312,2947800,0.0,0.0
2018-02-15,76.46811770161118,78.53273693954344,73.08175321445343,75.7348861694336,6022200,0.0,0.0
2018-02-16,75.39722245117555,77.25923984719554,75.39722245117555,76.92156982421875,3921100,0.0,0.0
2018-02-20,76.41988585415582,78.60028109815396,76.28481783875066,77.51972961425781,3646700,0.0,0.0
2018-02-21,77.53901054422076,78.89934018851251,77.48111900826048,77.6644287109375,3403100,0.0,0.0
2018-02-22,78.17578469856309,78.8028904631732,77.6741045032683,77.91529846191406,2417700,0.0,0.0
2018-02-23,78.31084004805376,80.00884730299673,78.14682994928512,79.873779296875,2697200,0.0,0.0
2018-02-26,80.52016684066538,80.52016684066538,79.87376898614572,80.36580657958984,2211700,0.0,0.0
2018-02-27,80.08602363571922,80.43334343631594,78.73533634013793,78.79322052001953,2240900,0.0,0.0
2018-02-28,78.99584796348753,79.57471939143578,77.99248014520812,78.01177978515625,1968200,0.0,0.0
2018-03-01,78.01175611210128,78.69674590927679,77.0180384153445,77.60655212402344,3010300,0.0,0.0
2018-03-02,77.11453105286388,78.62922878534556,77.0469970403579,78.41697692871094,2027200,0.0,0.0
2018-03-05,78.15650061979308,79.66154872422436,77.85741507445016,79.00550079345703,2148500,0.0,0.0
2018-03-06,79.11160827651224,79.24667628715636,78.079298560501,78.63887023925781,2102700,0.0,0.0
2018-03-07,78.12754202463083,79.07301812012807,78.11789220632646,78.88006591796875,2878600,0.0,0.0
2018-03-08,79.1116190390272,79.93167703254456,79.04408502451767,79.63259887695312,2458100,0.0,0.0
2018-03-09,80.13425991180827,82.05416867778965,80.05708345700823,81.54283142089844,3028700,0.0,0.0
2018-03-12,81.89981769671125,81.9577018897423,81.1279941065727,81.43672943115234,2316300,0.0,0.0
2018-03-13,81.90946758585675,82.52692351423383,81.35954566962543,81.61038208007812,1911500,0.0,0.0
2018-03-14,82.1313461348839,82.46902349145176,81.12797860370095,81.37882232666016,1794700,0.0,0.0
2018-03-15,81.3498861177748,82.34360390359674,81.00256627953449,81.70685577392578,1659200,0.0,0.0
2018-03-16,82.02522200926981,82.41113373897745,81.60072573118002,81.6200180053711,3151600,0.0,0.0
2018-03-19,80.86749010643774,81.34987790410456,79.4589186205291,80.2210922241211,2417800,0.0,0.0
2018-03-20,80.38510665587445,81.8033280354147,80.34651474669568,81.67790985107422,2653400,0.0,0.0
2018-03-21,81.88051568262883,82.71022336713573,81.1086921842698,81.13763427734375,3305400,0.0,0.0
2018-03-22,80.41404846368037,81.16657228837444,78.91865063171637,79.16948699951172,3224400,0.0,0.0
2018-03-23,79.26596493954621,79.88342071997481,77.49077405032386,77.76091003417969,2608000,0.0,0.0
2018-03-26,78.99582182543999,80.91573052894294,78.65815184463536,80.7806625366211,3089900,0.0,0.0
2018-03-27,81.11834284951355,81.47530514869342,78.34943393293096,78.9765396118164,2689900,0.0,0.0
2018-03-28,79.19843735584392,79.64224067581875,77.45219561320235,78.14683532714844,2634500,0.0,0.0
2018-03-29,78.6195619379963,80.56841278076172,78.23365022412311,80.56841278076172,4122900,0.0,0.0
2018-04-02,80.24039339211714,80.35616912622642,77.8381039544218,78.34943389892578,2566000,0.0,0.0
2018-04-03,78.89934899897197,80.25003633864185,78.52308709615268,79.95095825195312,2216500,0.0,0.0
2018-04-04,78.70641666473465,80.13428081991017,77.88635865337166,79.93167877197266,3093300,0.0,0.0
2018-04-05,80.35616967377373,81.359537294261,79.93166600646829,80.57806396484375,2522000,0.0,0.0
2018-04-06,79.83520456237221,80.19217429000986,77.23995507375652,78.11790466308594,2752300,0.0,0.0
2018-04-09,78.9283068712929,80.06674262455678,78.68711291814932,78.98619842529297,2456700,0.0,0.0
2018-04-10,80.02814761751634,80.5298351426432,79.38174961461735,80.16321563720703,2335000,0.0,0.0
2018-04-11,79.66153302560215,80.56842458194214,79.65188320716211,80.1439208984375,2239700,0.0,0.0
2018-04-12,80.62631674617559,81.40778282205561,80.46230661974617,81.00257873535156,1369500,0.0,0.0
2018-04-13,81.28236777716945,81.45602772975462,80.2886497998538,80.6263198852539,1162600,0.0,0.0
2018-04-16,81.51388926010172,81.86120906869117,80.9060832753971,81.42706298828125,1663000,0.0,0.0
2018-04-17,81.98665343125336,82.91283734657276,81.83228576503907,82.65234375,1901000,0.0,0.0
2018-04-18,82.68127888629576,83.33732669116279,82.19889101097162,82.9417724609375,2151300,0.0,0.0
2018-04-19,82.53208702874504,82.98619827297577,81.9523735266991,82.52243041992188,2176100,0.126,0.0
2018-04-20,82.50311178729564,83.02485620956338,82.26156385317861,82.56108093261719,1815200,0.0,0.0
2018-04-23,82.69634205340421,82.86060024071703,82.13595648334143,82.41615295410156,1396200,0.0,0.0
2018-04-24,82.92824284499686,82.9958759752266,80.65769361990323,81.49827575683594,2108700,0.0,0.0
2018-04-25,81.27606255543351,81.71084594726562,80.61905179061365,81.71084594726562,2105600,0.0,0.0
2018-04-26,82.20359838786874,82.37751320307697,81.50793912703583,81.86543273925781,2154600,0.0,0.0
2018-04-27,81.9137258069343,82.32918850571022,81.53691165821394,81.97169494628906,1119200,0.0,0.0
2018-04-30,82.02001851392822,82.12630019801878,80.55141027147585,80.6576919555664,3364500,0.0,0.0
2018-05-01,80.63836007451495,81.19875304131965,80.08763108891937,80.58039093017578,3215600,0.0,0.0
2018-05-02,75.04410456188211,77.73011620078636,74.39675791797933,77.19871520996094,7496500,0.0,0.0
2018-05-03,77.08277726428976,78.155250705254,75.78808384702951,77.66249084472656,4833600,0.0,0.0
2018-05-04,77.3146533757977,79.06346529267293,76.92818260903339,78.8025894165039,2882000,0.0,0.0
2018-05-07,78.9765155999203,79.67217487475405,78.47409910779506,79.3726577758789,2021800,0.0,0.0
2018-05-08,79.07312795226802,79.70115405350083,78.36781211464279,79.22772216796875,2534400,0.0,0.0
2018-05-09,79.32433486662762,79.76878215156336,78.43544029675616,79.54656219482422,3009300,0.0,0.0
2018-05-10,80.50310043700958,81.5176047750368,80.02966851927748,80.63836669921875,1977600,0.0,0.0
2018-05-11,80.79296081898433,81.61422237316035,80.75431226248142,81.59489440917969,2210400,0.0,0.0
2018-05-14,81.68185391081082,82.29055207807623,80.55141129812148,81.21807861328125,2484500,0.0,0.0
2018-05-15,80.70600146889113,80.88958027338438,79.981357604576,80.21324157714844,2203100,0.0,0.0
2018-05-16,79.75912762633668,80.35816176142276,79.22771924380129,80.04898071289062,3221300,0.0,0.0
2018-05-17,80.19391189929898,80.29052959597044,79.30501729558914,80.14559936523438,1844900,0.0,0.0
2018-05-18,79.9137037152178,81.79778169593966,79.9137037152178,81.54656982421875,2149500,0.0,0.0
2018-05-21,82.01035049038916,82.551422865854,81.54658259308539,82.49344635009766,1641300,0.0,0.0
2018-05-22,82.50310786875775,82.74465579140231,81.36300137901715,81.52725219726562,1658900,0.0,0.0
2018-05-23,81.4499598984106,82.12629111192587,80.90888755614102,82.01034545898438,1739300,0.0,0.0
2018-05-24,82.22292366347847,82.66737102289137,81.32436496229666,81.88475799560547,1244900,0.0,0.0
2018-05-25,82.00068187501735,82.17459665390805,80.72530928697111,80.84124755859375,1964000,0.0,0.0
2018-05-29,80.17460870098694,80.59972813285493,79.61421561868441,80.33885955810547,1822100,0.0,0.0
2018-05-30,80.95721165552784,82.40649935282381,80.95721165552784,81.59489440917969,1893200,0.0,0.0
2018-05-31,81.42099893635857,81.78815662464399,80.78331603119261,80.87026977539062,2693700,0.0,0.0
2018-06-01,81.46929495164113,82.54176847451264,81.46929495164113,82.5321044921875,1422300,0.0,0.0
2018-06-04,82.75433236414594,82.87027066692355,82.09732161972424,82.50312042236328,1546400,0.0,0.0
2018-06-05,82.6383812314463,82.86060858285592,81.60455632836658,81.89441680908203,2152100,0.0,0.0
2018-06-06,81.9910362342617,82.7060160978631,81.69151913696754,82.58041381835938,1917800,0.0,0.0
2018-06-07,82.88957930666008,83.07315807186967,82.16493559741,82.76397705078125,1758500,0.0,0.0
2018-06-08,82.79296215693259,84.43548495997437,82.56107086101886,83.84610748291016,2285100,0.0,0.0
2018-06-11,84.02003573932406,85.17947029040369,83.79781575943478,84.11665344238281,2091900,0.0,0.0
2018-06-12,84.08766761643115,84.58042747758859,83.6818688467524,84.20361328125,2236000,0.0,0.0
2018-06-13,84.49347839057768,84.97657433877185,84.23260982199486,84.40652465820312,2386200,0.0,0.0
2018-06-14,84.4838121504046,85.26642513841746,84.30989733401749,85.16980743408203,2627800,0.0,0.0
2018-06-15,84.54178770062872,86.23262345464128,84.54178770062872,86.18431091308594,4208500,0.0,0.0
2018-06-18,85.50796865505347,86.1649793305382,85.35337443895922,85.92343139648438,3538900,0.0,0.0
2018-06-19,85.0731728994888,85.44032305191247,83.70117523210166,84.30021667480469,2742800,0.0,0.0
2018-06-20,84.32923313102353,84.6094296841371,83.67222230304058,84.05870056152344,3331800,0.0,0.0
2018-06-21,83.85578295497108,84.8316386875022,83.76882186422174,84.0780029296875,2462300,0.0,0.0
2018-06-22,84.43549214764562,84.59974296764042,82.91857147216797,82.91857147216797,9403200,0.0,0.0
2018-06-25,83.09250105253221,83.43066673368676,81.08282018815802,81.8364486694336,3069500,0.0,0.0
2018-06-26,81.94274135423852,82.30989903283813,81.1311436106267,81.16979217529297,3358900,0.0,0.0
2018-06-27,81.47893982443387,82.36783433194566,80.54173278808594,80.54173278808594,2288100,0.0,0.0
2018-06-28,80.54175577672459,82.39684241879148,80.52242781109067,81.9620590209961,2199500,0.0,0.0
2018-06-29,82.59007962873343,83.48863831196708,82.26157057831949,82.30988311767578,3618500,0.0,0.0
2018-07-02,81.91373638026683,82.7736464584923,81.35334338931189,82.75432586669922,1759000,0.0,0.0
2018-07-03,82.92824177056114,84.02003582196953,82.62871730788872,83.16012573242188,1283500,0.0,0.0
2018-07-05,83.78816348016481,83.8557966188979,82.74467444988925,83.23743438720703,2474600,0.0,0.0
2018-07-06,83.64320443729869,84.15528479313237,83.18909321715735,83.92340087890625,2073600,0.0,0.0
2018-07-09,83.96206254101682,84.74467548093105,83.69153003692094,84.53211212158203,1836800,0.0,0.0
2018-07-10,84.07800268663844,84.38718375121043,83.17944406593578,83.3050537109375,2894800,0.0,0.0
2018-07-11,83.15044498187903,83.24707003700486,81.63352449675857,81.6431884765625,2960500,0.0,0.0
2018-07-12,82.02002080865037,82.81229778492717,81.72050371135622,82.58041381835938,3629000,0.0,0.0
2018-07-13,82.59974174811316,83.37269820061182,82.43549089768138,83.22776794433594,1948300,0.0,0.0
2018-07-16,83.39200467248006,83.39200467248006,81.64320002489612,81.72049713134766,2473300,0.0,0.0
2018-07-17,81.47895105551196,83.16012261605336,81.47895105551196,82.8702621459961,2269600,0.0,0.0
2018-07-18,82.74465712429833,83.16978383386736,82.42581209212157,83.04417419433594,1699800,0.0,0.0
2018-07-19,82.61456161033853,82.84679338873705,82.03399692890312,82.65326690673828,1405800,0.126,0.0
2018-07-20,82.44039993707959,83.12740979090366,82.2662297765278,82.5274887084961,1977600,0.0,0.0
2018-07-23,82.3823429239096,82.40169926459124,81.08574862491658,81.24056243896484,3026900,0.0,0.0
2018-07-24,81.78241514011765,82.23719313910682,80.61160762265636,80.79545593261719,2952500,0.0,0.0
2018-07-25,80.5535543366302,83.00160711908904,80.5535543366302,82.86614227294922,2496200,0.0,0.0
2018-07-26,83.01128886750821,83.35962916753685,82.39201886351967,82.7693862915039,2717400,0.0,0.0
2018-07-27,82.8564719172415,82.87582825839003,81.66631531644704,82.44039916992188,2998200,0.0,0.0
2018-07-30,82.46942434699692,82.63391631673497,81.48245776400795,81.75338745117188,2174900,0.0,0.0
2018-07-31,82.07270321954988,83.94019134534858,82.07270321954988,83.67893981933594,3692500,0.0,0.0
2018-08-01,83.2628678226001,84.34658661512879,83.18545722819646,83.23383331298828,2775900,0.0,0.0
2018-08-02,83.00159852003469,88.82661582969094,82.24686377479543,88.46859741210938,4942800,0.0,0.0
2018-08-03,88.46860553651806,89.01046491470116,86.36889306377817,88.66212463378906,4377700,0.0,0.0
2018-08-06,88.95243444376172,89.84263434085538,88.25575369567716,89.58138275146484,2644900,0.0,0.0
2018-08-07,89.92970703488668,90.01678842167509,88.99112382733502,89.49427795410156,2051900,0.0,0.0
2018-08-08,89.50394554987327,90.53928819229411,89.26204299433307,90.2103042602539,1918000,0.0,0.0
2018-08-09,90.34576382801603,90.63604244835496,89.04916236720713,89.40718078613281,2347000,0.0,0.0
2018-08-10,89.19429923544592,89.70713140683367,88.51697511894875,88.72984313964844,1684600,0.0,0.0
2018-08-13,88.73955229796876,89.4555819543629,88.2073709869484,88.30413055419922,1439300,0.0,0.0
2018-08-14,88.67181980694589,88.92340058746534,88.15898745678524,88.41056823730469,2385100,0.0,0.0
2018-08-15,88.12026220879117,88.32345946858416,87.48164330405322,87.90738677978516,2017300,0.0,0.0
2018-08-16,88.35247389957746,89.10720857959217,87.93640127055922,88.57502746582031,2462400,0.0,0.0
2018-08-17,88.47828183421242,88.8169439384121,87.73321782269292,88.50730895996094,2712500,0.0,0.0
2018-08-20,88.6330905574167,89.59102256367021,88.6330905574167,89.17495727539062,1175900,0.0,0.0
2018-08-21,89.54265254836756,89.95872524710455,88.89435545893187,89.10722351074219,1220400,0.0,0.0
2018-08-22,86.65917964267874,87.48165433707277,86.26246324227267,86.76561737060547,2831000,0.0,0.0
2018-08-23,86.89141143939945,87.2784496693719,86.35922279976579,86.76561737060547,1899800,0.0,0.0
2018-08-24,86.91075141040217,87.27844064376505,86.41726812125387,86.6978759765625,1655600,0.0,0.0
2018-08-27,87.00751870141504,87.11395642780765,86.39792685394173,86.4850082397461,1536900,0.0,0.0
2018-08-28,86.6107926912413,86.67852511121872,85.78832548229265,86.64949798583984,2129900,0.0,0.0
2018-08-29,86.61078284633204,87.1816692666385,86.14632674622366,86.92041778564453,1667100,0.0,0.0
2018-08-30,86.86237959925865,87.57841658774524,86.41727971527796,86.90108489990234,1443000,0.0,0.0
2018-08-31,86.8526925528548,87.82997352761636,86.77528196605789,87.66548156738281,2018400,0.0,0.0
2018-09-04,87.86870509003711,88.25575075745209,86.78498608001368,87.05591583251953,1939000,0.0,0.0
2018-09-05,86.86237936654214,86.86237936654214,85.97217960096575,86.17537689208984,2167200,0.0,0.0
2018-09-06,86.41726320190347,87.05588946706831,86.0786011138372,86.83333587646484,1883500,0.0,0.0
2018-09-07,86.45596801500902,86.75593219044171,86.03989534275834,86.53337860107422,1987000,0.0,0.0
2018-09-10,86.92045181243581,87.14299809035111,85.72060949340269,85.99154663085938,1289600,0.0,0.0
2018-09-11,85.6915471647978,86.00118209815027,85.08195546602612,85.38191223144531,2094600,0.0,0.0
2018-09-12,85.58513217862308,86.13666978073122,85.14971047569391,85.91412353515625,1631100,0.0,0.0
2018-09-13,86.3301907848089,86.97848790383091,85.96249415195177,86.79463958740234,2277900,0.0,0.0
2018-09-14,86.80431550076428,86.81399367039856,85.97217008694577,86.12699127197266,2607900,0.0,0.0
2018-09-17,86.17536565009992,86.38824108415871,85.17872828362493,85.43998718261719,1667200,0.0,0.0
2018-09-18,85.31420770004561,86.59145314029668,85.29485874013521,86.29149627685547,1722300,0.0,0.0
2018-09-19,86.2527869253028,86.78497557637252,85.91412477565896,86.19473266601562,2273400,0.0,0.0
2018-09-20,86.81398331858803,87.56871804989757,86.42693778445302,87.1429672241211,3428300,0.0,0.0
2018-09-21,87.11393685436012,87.98478742813877,86.88171249544557,86.92041778564453,3448400,0.0,0.0
2018-09-24,86.65917283418142,87.05589658569937,86.10763527929386,86.74626159667969,1526200,0.0,0.0
2018-09-25,87.3461804925647,87.92675259141545,87.21071563810776,87.33650970458984,1800500,0.0,0.0
2018-09-26,87.52034706793435,88.37184884088961,87.33650613427585,87.43326568603516,2336200,0.0,0.0
2018-09-27,87.65579757809385,88.53632633431171,87.65579757809385,88.24604034423828,1411300,0.0,0.0
2018-09-28,88.12995726861148,88.8169597688024,87.82999302375856,88.59440612792969,1710900,0.0,0.0
2018-10-01,89.04915786914802,89.08786315969407,88.25571786865243,88.69114685058594,1891200,0.0,0.0
2018-10-02,88.59438534450032,89.10721755657082,88.24604509058834,88.85564422607422,2170100,0.0,0.0
2018-10-03,89.32978745206249,91.25532998659693,89.21367155213537,90.50059509277344,3142100,0.0,0.0
2018-10-04,90.2586720246479,90.4715474350716,87.63644945010385,88.12025451660156,2433800,0.0,0.0
2018-10-05,88.25572649207889,89.92969540593126,88.25572649207889,88.97175598144531,1723500,0.0,0.0
2018-10-08,88.67180092738933,89.50394631615436,87.79127945647015,88.50730895996094,1589200,0.0,0.0
2018-10-09,88.2750772842408,90.0167711258899,88.08155082476006,89.55232238769531,1987900,0.0,0.0
2018-10-10,89.76521727262924,89.81360074754306,86.63016151399714,86.72692108154297,2140900,0.0,0.0
2018-10-11,86.93011605033341,87.23975846980399,83.60154124612227,84.1821060180664,3134500,0.0,0.0
2018-10-12,85.29484589388059,86.3785646604011,84.75297912833992,86.02055358886719,2436700,0.0,0.0
2018-10-15,87.36555082986455,88.0332044211388,86.47535096302025,87.162353515625,2550900,0.0,0.0
2018-10-16,87.9073911128679,88.9814390977723,87.3655317267109,88.83629608154297,2337600,0.0,0.0
2018-10-17,88.81694330429546,89.96840183263363,88.5556844098637,89.78455352783203,2127100,0.0,0.0
2018-10-18,89.4845923168753,89.92969211192288,88.25572325938583,88.85564422607422,1663700,0.0,0.0
2018-10-19,88.74921151757216,89.67811645292565,88.28475535875532,88.50730895996094,1735400,0.0,0.0
2018-10-22,88.75890008629658,89.9200295459614,88.20736248561363,89.79424285888672,2750200,0.0,0.0
2018-10-23,88.34281699253255,89.3878304308801,86.99783936279654,88.50730895996094,2941800,0.0,0.0
2018-10-24,88.42023137236745,89.41687623676756,85.7399539435842,85.89476776123047,2909600,0.0,0.0
2018-10-25,86.07860977669205,88.16865152872026,85.14970479210638,87.53970336914062,1745300,0.0,0.0
2018-10-26,86.61079426783074,87.14297546811778,84.90779818589567,85.97216796875,2284700,0.0,0.0
2018-10-29,86.89140461265652,88.3137854988441,85.57545406375279,86.74626159667969,1965600,0.0,0.0
2018-10-30,86.35920884329563,88.10091012582026,86.1560115907144,87.25908660888672,2446800,0.0,0.0
2018-10-31,88.23638764243107,88.5266663097182,87.15266142396212,87.23007202148438,4295600,0.0,0.0
2018-11-01,90.73283223064175,93.44214455052452,88.98145960932362,91.1972885131836,4277000,0.0,0.0
2018-11-02,91.3037173781048,92.21327351089133,88.67181592498068,89.76521301269531,2685300,0.0,0.0
2018-11-05,89.98774178811546,90.24899327413608,87.56871647123063,89.71681213378906,3133100,0.0,0.0
2018-11-06,89.78455080630204,89.98774806121183,88.80726244311501,89.75552368164062,2478900,0.0,0.0
2018-11-07,90.46186985723942,92.36806301284875,90.46186985723942,92.1068115234375,2613700,0.0,0.0
2018-11-08,91.78750472786069,92.79382022793173,91.458513419049,91.82621002197266,1760900,0.0,0.0
2018-11-09,91.60365472402142,92.41645112070752,91.19726021681832,92.18421936035156,2137700,0.0,0.0
2018-11-12,92.09712938718316,92.47449673467435,91.09081399978025,91.37142181396484,2375400,0.0,0.0
2018-11-13,91.8842707908999,92.49386260628194,90.57799839663524,91.11985778808594,1804700,0.0,0.0
2018-11-14,91.64237853228427,91.91330825849,88.69117129207879,89.48461151123047,2244100,0.0,0.0
2018-11-15,89.20400344253636,89.20400344253636,87.39456937131288,88.6524658203125,3887900,0.0,0.0
2018-11-16,88.24605228119417,89.65876974955042,88.1879980282383,89.2813949584961,1883000,0.0,0.0
2018-11-19,89.41316293210406,89.82011314025162,86.53542987436528,87.30088806152344,2195800,0.126,0.0
2018-11-20,86.57417561960443,87.2911840819456,85.34363376967946,85.66338348388672,2606200,0.0,0.0
2018-11-21,86.00252712414095,86.56450285487115,85.5858854835458,85.92501068115234,2271100,0.0,0.0
2018-11-23,85.48898073763723,87.43653117558188,85.16923100279601,86.46759796142578,836300,0.0,0.0
2018-11-26,87.01021439737734,87.46560684454222,86.07034790171083,86.73890686035156,1908100,0.0,0.0
2018-11-27,86.22538048422966,87.48499685077992,86.08003899695461,87.39778900146484,1879300,0.0,0.0
2018-11-28,87.88224918926949,90.08173196595534,87.52374859189857,89.9170150756836,3411200,0.0,0.0
2018-11-29,89.57790390045018,90.44994557548208,89.10312852996805,89.8879623413086,1457300,0.0,0.0
2018-11-30,89.88795601157445,91.24446436694848,89.58758899724997,90.95378875732422,3143500,0.0,0.0
2018-12-03,91.69985195916546,91.72891877698267,90.14956007245775,90.66309356689453,1969000,0.0,0.0
2018-12-04,90.44991994895396,91.5545032935819,87.698152990021,87.75628662109375,2557700,0.0,0.0
2018-12-06,86.77767327590482,87.68847304100683,84.78167282970274,87.60127258300781,3006400,0.0,0.0
2018-12-07,87.63035523178443,87.76600534142563,84.79137955021989,85.35335540771484,1768900,0.0,0.0
2018-12-10,85.45023739673397,86.5935790841603,84.58788727741137,86.15755462646484,1930100,0.0,0.0
2018-12-11,87.1168066554237,87.73692344795685,86.2156982862153,87.01022338867188,1684400,0.0,0.0
2018-12-12,87.86287392431915,89.19031523655784,87.84349851052625,87.91132354736328,1630100,0.0,0.0
2018-12-13,88.4345495376628,89.14187418328399,87.73692368843236,88.11480712890625,1908500,0.0,0.0
2018-12-14,87.28153000620868,87.29121401853735,85.1886301325885,85.70216369628906,2350900,0.0,0.0
2018-12-17,84.86889192482528,84.88827473688721,81.59389896215924,82.30122375488281,3374200,0.0,0.0
2018-12-18,83.22168134947636,83.32826460489582,81.06096420933493,82.34963989257812,2972100,0.0,0.0
2018-12-19,82.8825597680145,83.68677622386754,80.12110119492704,80.8478012084961,2922800,0.0,0.0
2018-12-20,80.55710728299334,81.10939892244872,78.92929917843426,79.8594741821289,2850600,0.0,0.0
2018-12-21,79.68508695296983,81.20631221376617,79.01652788170951,79.14248657226562,4091700,0.0,0.0
2018-12-24,78.39639789142464,78.39639789142464,76.44883986272156,76.81703186035156,1551400,0.0,0.0
2018-12-26,77.13677414594993,80.36332353897009,76.68137435029934,80.34394073486328,1869700,0.0,0.0
2018-12-27,79.28782568597494,81.71015930175781,78.65801746739629,81.71015930175781,2244700,0.0,0.0
2018-12-28,82.19462216956755,82.931006231715,80.95438859924009,81.86518096923828,1797300,0.0,0.0
2018-12-31,82.62093697701671,82.93099532883542,81.97175345795475,82.88255310058594,1485200,0.0,0.0
2019-01-02,81.88454319133311,82.43683479528599,81.14815192193815,81.85547637939453,2665600,0.0,0.0
2019-01-03,81.45822404779915,81.62294093829433,78.84210703653875,79.02619934082031,2390900,0.0,0.0
2019-01-04,80.36334197001081,82.2333838070199,79.94670029464477,82.12680053710938,3383500,0.0,0.0
2019-01-07,82.19460793697067,83.88054969267799,82.19460793697067,82.62093353271484,2360800,0.0,0.0
2019-01-08,83.2992021161157,83.86118523891118,82.4271606139115,83.85149383544922,2250300,0.0,0.0
2019-01-09,83.85149919730206,84.53944103959367,83.35734108239178,83.55113220214844,3158400,0.0,0.0
2019-01-10,83.27981888025975,83.541435025761,82.49498522850568,83.23137664794922,1837500,0.0,0.0
2019-01-11,82.83412178200216,83.41548039606555,82.60157981485199,83.38641357421875,1393900,0.0,0.0
2019-01-14,82.68874767236412,83.0375641817227,81.7876469809562,81.87484741210938,1592700,0.0,0.0
2019-01-15,81.89424798896447,82.96976465794779,81.49698913767232,82.17523956298828,2277900,0.0,0.0
2019-01-16,82.12678853602846,82.33995504469978,80.55711392957328,80.62493896484375,3880600,0.0,0.0
2019-01-17,80.259906348116,82.1045168223618,79.86186299602174,81.7938461303711,2711400,0.164,0.0
2019-01-18,82.153055880164,82.66760348024374,81.1433743562268,82.1239242553711,3059000,0.0,0.0
2019-01-22,81.58995850754371,82.16275451187127,81.01715509624356,81.63849639892578,2782900,0.0,0.0
2019-01-23,81.62881282103295,82.29869217558341,80.80359440011033,81.25018310546875,2073800,0.0,0.0
2019-01-24,81.25016303436605,81.48316416939203,80.38611006029606,81.22103881835938,2883600,0.0,0.0
2019-01-25,81.85209700954341,82.68702590795597,81.71617904068312,82.22102355957031,4021400,0.0,0.0
2019-01-28,81.47346725277666,81.51230201627054,80.54145514984477,81.21134185791016,2471800,0.0,0.0
2019-01-29,81.21133497314267,82.13363645526866,80.63853151888505,81.94918060302734,1842100,0.0,0.0
2019-01-30,81.89093510415823,83.32779178523772,81.89093510415823,82.60935974121094,2097300,0.0,0.0
2019-01-31,82.58023298099499,83.78408844140297,82.1724790703603,83.6481704711914,2620000,0.0,0.0
2019-02-01,84.02679045096731,84.83258763640137,83.37631748929256,84.5995864868164,2111900,0.0,0.0
2019-02-04,84.70638334333977,84.83259076089396,84.08504198357973,84.4345474243164,1977000,0.0,0.0
2019-02-05,84.78406409874391,85.48307507283461,84.28893009093396,84.8228988647461,3263200,0.0,0.0
2019-02-06,84.53162997759001,85.08501235336927,84.08504134160793,85.02676391601562,1968900,0.0,0.0
2019-02-07,84.70639032375767,84.71610086651538,83.19187156040694,83.69670867919922,1594400,0.0,0.0
2019-02-08,83.2404179601004,84.29864501953125,82.90062299862248,84.29864501953125,2082700,0.0,0.0
2019-02-11,84.37630025311132,84.65783931134514,83.3569081344981,83.75495147705078,3361100,0.0,0.0
2019-02-12,84.38599025675423,85.0364557439574,84.11415437595124,84.95879364013672,2626400,0.0,0.0
2019-02-13,85.00734416698303,86.2791585226348,85.00734416698303,85.67723083496094,3698700,0.0,0.0
2019-02-14,86.4150841692956,90.84214363879838,86.06557869465338,90.54118347167969,5438200,0.0,0.0
2019-02-15,91.1819358740872,92.76442100607906,90.2110890081187,92.58966827392578,3308200,0.0,0.0
2019-02-19,91.98773499113027,92.51199315590596,91.8032717275129,92.14307403564453,2251400,0.0,0.0
2019-02-20,92.14308152826123,92.29841317843298,90.93922605630404,91.63823699951172,2165700,0.0,0.0
2019-02-21,91.52172918728424,91.52172918728424,90.41496437208947,90.74505615234375,1903700,0.0,0.0
2019-02-22,91.0266111117169,91.90037483856813,91.0266111117169,91.8518295288086,1851900,0.0,0.0
2019-02-25,92.23045419267523,92.40520692847716,91.49260848518114,91.63823699951172,1295500,0.0,0.0
2019-02-26,91.27901295133495,91.74502267478303,90.61883683051789,90.76446533203125,1829400,0.0,0.0
2019-02-27,90.61884884059938,91.41495043345319,90.43439296074416,91.06544494628906,1535100,0.0,0.0
2019-02-28,91.22076212021965,91.91006244185999,91.10425784067095,91.48289489746094,2253400,0.0,0.0
2019-03-01,92.22074195257007,93.34692787522737,91.7547396036575,92.95858764648438,2069300,0.0,0.0
2019-03-04,94.80318690671282,95.09443648841331,92.49256689423524,93.07508087158203,2749600,0.0,0.0
2019-03-05,93.30809793560412,93.37605692362453,92.56054166040543,92.98771667480469,2541000,0.0,0.0
2019-03-06,93.10421275008437,93.10421275008437,90.89068315634078,91.42464447021484,2113000,0.0,0.0
2019-03-07,91.1527909966265,91.54113113640493,89.56060308980987,89.85186004638672,4092500,0.0,0.0
2019-03-08,89.5703215210892,89.75477736333056,88.55092949023708,89.71595001220703,2412800,0.0,0.0
2019-03-11,89.94895958544552,92.00715010866938,89.85187638459082,91.96832275390625,2902100,0.0,0.0
2019-03-12,92.23045249520642,93.16246460000535,91.99745132075014,92.95858764648438,2433700,0.0,0.0
2019-03-13,93.31781098617934,94.58961811343782,93.06538870661775,94.10419464111328,2665100,0.0,0.0
2019-03-14,93.83233222343003,94.02649859482018,93.32748780665997,93.39544677734375,1751500,0.0,0.0
2019-03-15,93.42457890776708,94.39542558394602,92.95856924413337,94.08475494384766,2904400,0.0,0.0
2019-03-18,94.17213661056822,95.03618964258156,94.16242606892395,94.91968536376953,2144100,0.0,0.0
2019-03-19,95.23036460853127,96.25946731326923,95.23036460853127,95.84200286865234,1903400,0.0,0.0
2019-03-20,95.87112204072439,96.36625598546952,94.95852367334578,95.62841033935547,1592000,0.0,0.0
2019-03-21,95.579858467681,96.99730122439998,95.36627840701198,96.73516845703125,1658900,0.0,0.0
2019-03-22,96.12355150152996,96.43422220632992,95.02648978850671,95.07503509521484,1489200,0.0,0.0
2019-03-25,94.57990111329262,95.6866659620784,94.40514837890676,95.07503509521484,1402400,0.0,0.0
2019-03-26,95.66724336916978,96.4633374389744,95.47306956740452,95.93907928466797,1795400,0.0,0.0
2019-03-27,95.57016503075607,96.41479703871494,95.24978379678444,95.6478271484375,1487300,0.0,0.0
2019-03-28,95.75460895055765,96.67691777511449,95.71577419307364,96.4924545288086,2278700,0.0,0.0
2019-03-29,96.96816813856188,97.99727070287014,96.80312597313497,97.73513793945312,2323000,0.0,0.0
2019-04-01,99.42439683928507,99.48264526094019,98.33704605757173,98.57975769042969,2659700,0.0,0.0
2019-04-02,98.77396664597848,99.39530810158993,98.60892444210734,99.06522369384766,1737900,0.0,0.0
2019-04-03,99.34676789617014,99.67685229626362,98.61863270034416,99.14289093017578,1737000,0.0,0.0
2019-04-04,99.2108425881369,99.41471953906677,97.70602699849789,99.00696563720703,2475500,0.0,0.0
2019-04-05,99.52152063944735,100.31761482393811,98.71571591172611,99.14289093017578,1865700,0.0,0.0
2019-04-08,99.24967956542969,99.51180496333778,98.73512449839536,99.24967956542969,1909500,0.0,0.0
2019-04-09,98.62832075708813,98.97782619020585,98.23998797093343,98.50211334228516,1657100,0.0,0.0
2019-04-10,98.78366177576281,99.00695979855021,98.26911415752566,98.37590789794922,1566700,0.0,0.0
2019-04-11,98.68657296156056,98.77394561313159,97.81280941098596,98.11376953125,1062700,0.0,0.0
2019-04-12,98.59921515268748,98.95843119536491,97.97787368917348,98.70600891113281,1829000,0.0,0.0
2019-04-15,98.89043647840796,99.02635441151307,98.22054994598145,98.30792999267578,1680400,0.0,0.0
2019-04-16,98.98753292799162,99.34674888905094,96.1623727603259,96.27886962890625,2014200,0.0,0.0
2019-04-17,96.67175412100188,97.17742745135527,94.22116339132793,95.28114318847656,2142500,0.164,0.0
2019-04-18,95.81600326744584,96.5161721517466,94.42539212758291,96.30223083496094,3420400,0.0,0.0
2019-04-22,96.00075186095654,97.39136270739849,95.92295368595111,97.36219024658203,2058500,0.0,0.0
2019-04-23,97.49832742643046,99.33626653875278,96.85650365044901,99.16122436523438,2716900,0.0,0.0
2019-04-24,99.08344115995655,99.4237989323031,98.24712925119475,98.31520080566406,2196400,0.0,0.0
2019-04-25,97.99427819762599,99.20012763011245,97.25521780651232,99.02508544921875,1494200,0.0,0.0
2019-04-26,99.42379399490964,100.54211869357763,98.37354826657315,100.50321960449219,2035400,0.0,0.0
2019-04-29,99.87110160902853,100.32815653662375,98.10123422975494,98.47077178955078,3445100,0.0,0.0
2019-04-30,98.45133383084128,99.44324200207677,97.8581357372622,99.03480529785156,2356400,0.0,0.0
2019-05-01,99.30709505765488,99.9683646730984,98.2179429206767,98.9861831665039,2095100,0.0,0.0
2019-05-02,97.50805603282868,100.32817691392619,97.50805603282868,100.30873107910156,2003600,0.0,0.0
2019-05-03,99.7155421883137,101.10615321315196,99.19041556852409,100.8922119140625,1965200,0.0,0.0
2019-05-06,99.443253323173,100.72689366442827,99.37518176792625,100.48377990722656,1301000,0.0,0.0
2019-05-07,99.81278100897055,100.08506722298972,97.80952607504985,98.57776641845703,1673400,0.0,0.0
2019-05-08,98.35409151375988,99.45296291917482,98.35409151375988,99.05426025390625,1367600,0.0,0.0
2019-05-09,98.40273254932559,99.74471789738924,98.19851787152743,98.8695068359375,1517100,0.0,0.0
2019-05-10,98.78198517704517,99.6766420371505,97.28440351856807,99.47242736816406,1885800,0.0,0.0
2019-05-13,97.75117204246105,99.0348123287111,97.54695738547159,98.55831146240234,1754400,0.0,0.0
2019-05-14,99.08343011874844,99.49185940005161,98.42216048362998,98.4610595703125,1711700,0.0,0.0
2019-05-15,97.96510637179234,99.60855755753528,97.87758899039981,99.03480529785156,1459500,0.0,0.0
2019-05-16,99.57938007474301,100.97971004109301,99.48213607168621,100.09477996826172,1929800,0.0,0.0
2019-05-17,98.89865739533583,99.71552334483567,98.56802630049098,99.16122436523438,2042100,0.0,0.0
2019-05-20,98.8403170197484,99.64745638024678,98.45133356969261,99.40434265136719,1665000,0.0,0.0
2019-05-21,99.91973987400544,100.45459303080884,99.47241151524351,99.55992889404297,1166700,0.0,0.0
2019-05-22,99.55023122442893,100.59075788430904,99.03482378943772,100.10453033447266,1059200,0.0,0.0
2019-05-23,99.9489299235441,100.22121615338456,99.15151707076421,100.05590057373047,1726200,0.0,0.0
2019-05-24,100.64909047411247,101.53402806753682,99.48214746529811,99.57939147949219,1266700,0.0,0.0
2019-05-28,99.77386445133772,100.71714682708236,98.60692161862282,99.2098388671875,4303700,0.0,0.0
2019-05-29,98.94730211715506,99.21958834622163,97.89704887426122,98.36383056640625,1883100,0.0,0.0
2019-05-30,98.50970211024976,99.53077548792069,98.45134976063756,99.5113296508789,1281800,0.0,0.0
2019-05-31,98.69445382033392,99.47242077185382,97.79007039237018,98.2665786743164,1642100,0.0,0.0
2019-06-03,98.74308015219766,101.98135703565312,98.74308015219766,101.0866928100586,3397100,0.0,0.0
2019-06-04,102.18557396084898,105.24880871808666,101.9716326721366,105.14183807373047,3712100,0.0,0.0
2019-06-05,105.33632560058771,106.34767969375184,105.31687976499968,105.51136779785156,3224100,0.0,0.0
2019-06-06,105.68640272438714,107.32012731337616,105.40438990268305,105.89061737060547,3123400,0.0,0.0
2019-06-07,106.04620726411491,107.84524730203061,106.04620726411491,107.02838134765625,1964800,0.0,0.0
2019-06-10,107.24232777037022,107.67993693746558,106.09483066393614,107.1839828491211,2730000,0.0,0.0
2019-06-11,107.45627199095333,108.58432329435719,106.51298950223449,107.12564086914062,1706300,0.0,0.0
2019-06-12,107.05754899765085,108.62320187223122,107.05754899765085,108.37036895751953,1907300,0.0,0.0
2019-06-13,108.90522493437182,109.15806529216913,106.58105825799329,106.99921417236328,1790000,0.0,0.0
2019-06-14,106.69775478456309,108.3800976378411,106.49354014210265,107.73828125,1790100,0.0,0.0
2019-06-17,107.90361357966647,108.18562644002158,107.008956696691,107.75774383544922,1726700,0.0,0.0
2019-06-18,108.10781813767362,110.36391339015674,107.67021636521389,110.25694274902344,2572900,0.0,0.0
2019-06-19,110.20831195650003,111.29745666020136,109.91657252844182,111.13214111328125,2026700,0.0,0.0
2019-06-20,112.1532481011257,113.2618463180031,109.70265710226988,109.8582534790039,3083300,0.0,0.0
2019-06-21,109.6540315799222,110.77235635153168,108.8177196581442,109.77072143554688,3468800,0.0,0.0
2019-06-24,110.23749652233263,110.88903957474449,109.37201218841416,110.34446716308594,1875700,0.0,0.0
2019-06-25,110.79179591691029,112.24075175643632,110.58758126188255,110.72372436523438,1669200,0.0,0.0
2019-06-26,110.83069962185516,111.25858220406154,108.59405011208561,109.93604278564453,1743100,0.0,0.0
2019-06-27,110.0819203271182,110.64594609634977,109.47900288071011,109.65404510498047,1348800,0.0,0.0
2019-06-28,109.97492340826719,110.48060412174956,109.18723729674694,110.36390686035156,2414100,0.0,0.0
2019-07-01,111.18077928558655,111.25857746435399,109.9749297724193,110.44171142578125,1470700,0.0,0.0
2019-07-02,110.80154198589054,111.60867412045921,110.09164646307173,111.43363189697266,1568100,0.0,0.0
2019-07-03,112.01708630358559,112.24074678379353,111.12242212502673,112.16294860839844,1052000,0.0,0.0
2019-07-05,112.16295605048083,112.444968890568,110.77235252404851,111.034912109375,1762400,0.0,0.0
2019-07-08,110.65566410301987,111.20996320014454,110.17916319267425,110.95712280273438,1267300,0.0,0.0
2019-07-09,110.04299190192349,111.59891814293468,109.64428186119231,110.1402359008789,2722000,0.0,0.0
2019-07-10,110.53895832564585,112.43525003158777,110.06245745192918,111.41416931152344,1763700,0.0,0.0
2019-07-11,111.1710533676649,111.40444048621346,110.20832501181467,111.20022583007812,1588000,0.0,0.0
2019-07-12,111.45306003737126,111.7934177787679,109.33310799478922,110.1888656616211,1473400,0.0,0.0
2019-07-15,110.04300874327282,110.63619945345717,109.41091152446208,110.44171142578125,1255200,0.0,0.0
2019-07-16,111.12243523060066,111.87122977341575,110.3444756426257,110.35420227050781,1214600,0.0,0.0
2019-07-17,110.85987611629726,111.79343207749373,110.44172014645729,110.54869079589844,1930300,0.0,0.0
2019-07-18,111.36090449894665,112.18868412434185,111.0395288725108,111.93548583984375,1177700,0.164,0.0
2019-07-19,112.61716721163012,112.86063220602225,111.02977812297969,111.10768127441406,1839000,0.0,0.0
2019-07-22,112.0815226000594,113.63970424883559,111.23426931574517,112.90930938720703,3063400,0.0,0.0
2019-07-23,112.59767454344394,113.10407837832368,111.44851966394992,112.90930938720703,1209600,0.0,0.0
2019-07-24,112.78270191359003,112.90930844372258,111.05897332373306,112.42237854003906,1581200,0.0,0.0
2019-07-25,112.40290687202953,112.9482734635379,111.47774294726776,111.65303802490234,1174500,0.0,0.0
2019-07-26,112.13996847101544,112.13996847101544,111.46800276542375,112.10101318359375,1574100,0.0,0.0
2019-07-29,112.06206968854633,112.94828585323378,111.40958527298476,112.52952575683594,1541500,0.0,0.0
2019-07-30,111.99388679860421,112.81192553579521,111.32192110022497,112.76323699951172,1380800,0.0,0.0
2019-07-31,112.45161272557537,113.31834751065132,111.37062755677964,111.88677215576172,2099800,0.0,0.0
2019-08-01,111.8965146086173,113.97083371756628,111.03951306016123,112.67559814453125,2101200,0.0,0.0
2019-08-02,112.6755853981851,113.92213228856447,112.4029058199638,113.3183364868164,2227000,0.0,0.0
2019-08-05,112.06206068848245,112.50029468046372,108.94571191670954,109.62741088867188,3488100,0.0,0.0
2019-08-06,114.51618882230704,118.62587903125798,114.40907106255978,118.00260925292969,4042200,0.0,0.0
2019-08-07,117.39883346702037,118.22661303387545,115.46084659372167,117.72994232177734,2659000,0.0,0.0
2019-08-08,118.86935991051962,121.08975972137235,118.32400063907167,120.86577606201172,2295000,0.0,0.0
2019-08-09,120.8755103760097,122.5894986902633,120.68073391077921,121.80067443847656,1658000,0.0,0.0
2019-08-12,120.72942909621587,121.21635911116877,119.07386258739858,120.71968841552734,1291500,0.0,0.0
2019-08-13,119.33680441381841,122.19995517034651,119.33680441381841,121.44033813476562,1784700,0.0,0.0
2019-08-14,120.17429912784581,121.16763284079197,118.40187461379486,118.60638427734375,1875200,0.0,0.0
2019-08-15,118.69405523717886,120.86576632670752,118.35320571997809,120.44700622558594,1650300,0.0,0.0
2019-08-16,121.07025577404868,122.31679518830508,120.72940631389434,122.09281158447266,1209700,0.0,0.0
2019-08-19,122.72582368013776,124.04054051429573,122.36550026540958,123.4367446899414,1137000,0.0,0.0
2019-08-20,124.20609219641004,125.05335298186877,122.6479178466825,122.75504302978516,1657100,0.0,0.0
2019-08-21,123.52439113225311,124.78067877548507,122.90112136550904,124.30348205566406,1875000,0.0,0.0
2019-08-22,124.53721229256281,124.76120335844998,122.23890213198706,123.32962799072266,2397900,0.0,0.0
2019-08-23,123.27118606893164,124.1573947010069,119.21992537955542,119.85293579101562,2321400,0.0,0.0
2019-08-26,121.06052833084686,122.94007833657464,121.00209911127828,122.901123046875,1267400,0.0,0.0
2019-08-27,123.68995329892678,124.13792798059748,121.48902774988233,121.96621704101562,2394900,0.0,0.0
2019-08-28,121.48902697464501,122.96929080767801,121.20660670170575,122.48236083984375,1110400,0.0,0.0
2019-08-29,123.1640739731453,123.64126328727109,121.92726762658236,123.36858367919922,1498800,0.0,0.0
2019-08-30,123.80681136919004,124.10871300265133,122.37524350004051,123.11537170410156,1601200,0.0,0.0
2019-09-03,122.83296106571159,124.11845598882117,122.68688800737367,123.71917724609375,1887400,0.0,0.0
2019-09-04,124.31322791092941,124.44956771370826,123.27119802971283,124.25479125976562,1953900,0.0,0.0
2019-09-05,125.33577356057808,125.65714912974984,124.3716542830246,124.72225189208984,1721400,0.0,0.0
2019-09-06,124.92676476753043,126.09539384378047,124.51774533383916,125.07283782958984,1698200,0.0,0.0
2019-09-09,126.67970510781416,126.67970510781416,122.50184499679504,123.34910583496094,2601600,0.0,0.0
2019-09-10,122.53105786752502,122.53105786752502,118.43110839452429,119.8139877319336,3089400,0.0,0.0
2019-09-11,119.80425388882603,121.03131956878535,116.87294063942619,117.5448989868164,3365700,0.0,0.0
2019-09-12,118.11948769272443,119.64844769132749,117.89549660950625,118.509033203125,2444800,0.0,0.0
2019-09-13,118.52850265955301,119.00569199104477,117.09692723511539,117.85653686523438,3116200,0.0,0.0
2019-09-16,116.86318628361886,117.58384051864535,116.39573026930141,116.5125961303711,2651000,0.0,0.0
2019-09-17,116.93135569090414,119.63868497306,116.93135569090414,119.21992492675781,2182300,0.0,0.0
2019-09-18,119.57052658467273,120.33987685679463,118.80117631255084,120.01850128173828,1673800,0.0,0.0
2019-09-19,120.17433007991659,121.58642416191208,120.09641949374736,121.0215835571289,1424200,0.0,0.0
2019-09-20,121.65457444865251,122.84268469126354,121.38189487099646,122.3362808227539,2572300,0.0,0.0
2019-09-23,122.07334082861271,123.14458526640233,121.02157032025421,121.8104019165039,1574800,0.0,0.0
2019-09-24,122.19994138231812,123.06667608375075,121.30398464322938,121.78118133544922,1843800,0.0,0.0
2019-09-25,121.39161990082421,122.05384483117213,120.66122508485049,121.51821899414062,1196000,0.0,0.0
2019-09-26,121.6351045027927,123.22249348467096,121.6351045027927,122.76477813720703,1870800,0.0,0.0
2019-09-27,123.45622831366478,123.60230879892696,120.20353949630665,120.6612548828125,1664000,0.0,0.0
2019-09-30,121.74222534260296,122.0246455986175,120.64175892607028,121.33319854736328,1859200,0.0,0.0
2019-10-01,121.72274343693009,122.82320984851432,121.27476878697837,121.84934997558594,1542300,0.0,0.0
2019-10-02,120.87551130534793,121.92727450582915,118.39216522179403,119.09334564208984,1743300,0.0,0.0
2019-10-03,118.76221561274915,121.47928571181815,118.71352707417641,121.03131103515625,1590400,0.0,0.0
2019-10-04,121.69352614168182,123.91392541412262,121.69352614168182,123.72889709472656,1468400,0.0,0.0
2019-10-07,123.02772653579223,123.68021090461792,122.5018412828701,122.77452087402344,1007300,0.0,0.0
2019-10-08,121.74223851227639,123.51466338351271,121.07027274665556,122.1025619506836,1621200,0.0,0.0
2019-10-09,122.67713975309306,123.57308912874286,121.94674478664689,123.12511444091797,1464200,0.0,0.0
2019-10-10,122.42393193811768,125.07282472882336,122.33628811006228,124.07949829101562,1890600,0.0,0.0
2019-10-11,124.84883954785938,126.68943421370041,124.7027665029209,125.11178588867188,2310900,0.0,0.0
2019-10-14,125.23841310908027,125.6279511998382,122.95957664233974,123.28094482421875,1810100,0.0,0.0
2019-10-15,123.98209963460211,126.7965541090547,123.90419649053948,125.34551239013672,2006500,0.0,0.0
2019-10-16,125.06308863148558,125.7642689598104,124.17687997149172,124.58589935302734,1633200,0.0,0.0
2019-10-17,125.46237605644745,125.64741181998501,124.58590063700849,125.11178588867188,1494700,0.0,0.0
2019-10-18,125.053347479158,125.98824461789495,124.32295258830385,124.77091979980469,2451400,0.0,0.0
2019-10-21,125.03811287212193,125.30139623655143,122.71735817256996,123.30242156982422,1639300,0.164,0.0
2019-10-22,123.83871859716051,124.033737225457,119.40197412831911,119.75301361083984,2273800,0.0,0.0
2019-10-23,119.4995196680697,119.93831540717977,118.02710411944591,118.7681884765625,2831700,0.0,0.0
2019-10-24,119.55800843267868,120.93290702765619,119.47024483243328,119.88954162597656,2195800,0.0,0.0
2019-10-25,120.10406899464212,121.6154896022391,120.04556488630422,121.26445007324219,1561000,0.0,0.0
2019-10-28,121.36196099394473,122.69786185458541,121.14743600790908,122.0152816772461,1441800,0.0,0.0
2019-10-29,122.56135127883604,124.4628092812542,122.56135127883604,123.0196533203125,1683700,0.0,0.0
2019-10-30,123.50721615787575,124.72610148657978,122.91239952230933,124.42381286621094,2042500,0.0,0.0
2019-10-31,124.2677920712905,125.11613144868028,123.96550346878,124.73583984375,1905300,0.0,0.0
2019-11-01,125.57442911655525,125.96446643350859,122.14205162676515,122.22005462646484,2466200,0.0,0.0
2019-11-04,122.93189995793433,123.1269186371817,121.21570731051168,121.65451049804688,1918800,0.0,0.0
2019-11-05,121.6544996558615,121.78126104212639,116.82770966006571,117.25675964355469,4492000,0.0,0.0
2019-11-06,117.49079411934335,118.74868468841241,117.0519983708362,118.44640350341797,3509800,0.0,0.0
2019-11-07,122.27856703059324,122.86363044959909,117.14949593035577,118.01734161376953,3945400,0.0,0.0
2019-11-08,117.81255804048917,118.71940885333424,113.41481851243532,114.92623901367188,3818900,0.0,0.0
2019-11-11,114.3704201208986,115.20901361004843,113.39531210462987,114.11688995361328,2035200,0.0,0.0
2019-11-12,113.7268653270072,115.11152460844805,113.21005917750858,114.28267669677734,2131400,0.0,0.0
2019-11-13,114.07788981133659,114.80922085604806,113.0052724336566,113.55133056640625,2452600,0.0,0.0
2019-11-14,113.25882153722398,114.23392975977522,112.09844037175269,113.35633087158203,1958500,0.0,0.0
2019-11-15,113.81462961253007,114.98475646972656,113.31732235045327,114.98475646972656,3429200,0.0,0.0
2019-11-18,114.65320151107478,117.49076194941084,114.65320151107478,115.84283447265625,3023100,0.0,0.0
2019-11-19,116.04760505325036,117.52976593847514,115.61855515302157,117.33474731445312,2349500,0.0,0.0
2019-11-20,117.33476842975772,118.22211300007118,115.83310094820382,116.58393096923828,2142900,0.0,0.0
2019-11-21,116.8764461794642,118.0563259738362,116.41814422638505,117.22748565673828,1654500,0.0,0.0
2019-11-22,117.41277622645329,118.04659057406049,116.21338992537243,116.82770538330078,1627700,0.0,0.0
2019-11-25,117.73454946023786,118.93393569201955,117.0129715520558,117.6077880859375,1774400,0.0,0.0
2019-11-26,117.9003323034067,118.96319663683218,117.25675734081204,118.8559341430664,3688700,0.0,0.0
2019-11-27,119.09969365071706,119.86027672036184,117.9295669957995,118.60238647460938,1443300,0.0,0.0
2019-11-29,118.27086457795231,118.78767069040634,117.11048353637732,117.52002716064453,1064400,0.0,0.0
2019-12-02,117.86133494568524,118.47565045501501,115.85260692438798,116.92523193359375,2050400,0.0,0.0
2019-12-03,116.66193949032487,117.78331536052129,116.29140106830133,117.52978515625,2115200,0.0,0.0
2019-12-04,117.99783667938495,118.88518120753636,116.65218270116632,116.75944519042969,2566500,0.0,0.0
2019-12-05,116.2328797081169,117.2664993277459,115.06275299246182,117.12023162841797,2771100,0.0,0.0
2019-12-06,117.98808361545545,118.88518130870823,117.90032745479327,118.6901626586914,2387200,0.0,0.0
2019-12-09,118.46588695913148,118.96319419826193,117.62729335568987,118.21236419677734,1570800,0.0,0.0
2019-12-10,118.96319460238041,119.93830275485894,118.56339668891151,119.7237777709961,2047000,0.0,0.0
2019-12-11,120.1333202146515,120.63062745052481,119.75302863412624,120.48435974121094,1803000,0.0,0.0
2019-12-12,120.61112275901566,121.88851198397269,120.31858735446036,121.23519134521484,2041800,0.0,0.0
2019-12-13,120.86464930588255,121.51797740465666,120.08456726836039,121.35220336914062,1130100,0.0,0.0
2019-12-16,121.88852251519046,123.35118478537274,121.2742070399285,123.31217956542969,1391100,0.0,0.0
2019-12-17,123.5657027407654,124.18977134535636,122.1225394429709,123.93624114990234,1994800,0.0,0.0
2019-12-18,123.98500036412476,124.45304810096727,123.40968269821191,123.8289794921875,2754200,0.0,0.0
2019-12-19,124.45306793427599,125.68170645838616,124.27754814511741,125.53544616699219,2055700,0.0,0.0
2019-12-20,126.15950467133707,130.19645205598715,125.76945246088148,129.37734985351562,5320300,0.0,0.0
2019-12-23,129.4066366504944,129.7479156481828,128.1194864768872,129.07508850097656,1632300,0.0,0.0
2019-12-24,128.91905544501316,129.76739477678797,128.0219428508285,129.6113739013672,442500,0.0,0.0
2019-12-26,129.87467934921204,129.87467934921204,129.0263398732081,129.71865844726562,929400,0.0,0.0
2019-12-27,130.07942678102802,130.15743722181634,129.08482713865965,129.93316650390625,1296100,0.0,0.0
2019-12-30,130.24518435724767,130.33294050741085,128.52898473289667,128.91903686523438,942000,0.0,0.0
2019-12-31,128.7240396428727,129.27985850850914,128.1779813826506,129.0555877685547,1128600,0.0,0.0
2020-01-02,128.76306765706698,130.93755523074418,128.20724872516863,130.80104064941406,1576700,0.0,0.0
2020-01-03,129.18232146162464,131.5518419649583,128.97755708565134,130.8205108642578,1274000,0.0,0.0
2020-01-06,130.44997650088197,130.73276621694802,129.40661844238994,129.816162109375,2334100,0.0,0.0
2020-01-07,129.68936416268167,131.45430726426085,129.36757673680194,130.2549285888672,1224500,0.0,0.0
2020-01-08,130.43048533460916,131.90290844075994,129.9234397140412,129.97218322753906,1766700,0.0,0.0
2020-01-09,130.6742383212171,132.9754941591133,130.6742383212171,131.69810485839844,2075400,0.0,0.0
2020-01-10,131.9321207159667,132.61469336780152,131.4153146453655,132.19540405273438,1249000,0.0,0.0
2020-01-13,132.68294924244847,133.34601552325597,132.08813278279848,133.1119842529297,1797600,0.0,0.0
2020-01-14,133.02424057126242,133.86283410313715,132.1466492634958,133.85308837890625,1848800,0.0,0.0
2020-01-15,133.98959921522535,135.54001742634418,133.92133451058805,135.09146118164062,1859600,0.0,0.0
2020-01-16,135.52116260947756,136.12659898238795,134.77901431686215,135.97036743164062,1822800,0.2,0.0
2020-01-17,136.34143111913212,137.10311392646392,135.5992828428933,136.86875915527344,1993200,0.0,0.0
2020-01-21,135.8531552602462,139.1733248107737,135.70668354645684,138.59716796875,4693300,0.0,0.0
2020-01-22,139.37840479339042,139.9643215318309,137.89410821684265,138.1772918701172,1888900,0.0,0.0
2020-01-23,137.97220113164212,138.4409404302345,134.29073954784099,135.0914764404297,2148500,0.0,0.0
2020-01-24,136.34143345585758,136.34143345585758,132.952914926494,133.10916137695312,2047000,0.0,0.0
2020-01-27,131.26351876995,133.2360888662559,130.8826774301142,132.76736450195312,1656400,0.0,0.0
2020-01-28,132.94312335918806,135.65784146049106,132.30839279395778,135.01333618164062,2176500,0.0,0.0
2020-01-29,135.70671217540377,136.683230207953,135.1891588101913,135.25750732421875,1366500,0.0,0.0
2020-01-30,134.40790074396412,135.0817003666674,132.86500093122515,134.7887420654297,1735400,0.0,0.0
2020-01-31,134.36883541978227,134.7301421843335,130.8533658981487,131.05844116210938,2582300,0.0,0.0
2020-02-03,131.5662803882832,134.24194536572497,131.04872698359492,132.33773803710938,2377000,0.0,0.0
2020-02-04,133.86106224588923,136.16564485737734,133.48022089867413,135.70668029785156,1839800,0.0,0.0
2020-02-05,136.67345305622334,137.00546556906195,134.3102666047746,134.6520538330078,1507600,0.0,0.0
2020-02-06,134.72040268082762,135.8336323804163,133.6559869510138,135.70668029785156,2206800,0.0,0.0
2020-02-07,135.78477698742253,135.89219452080806,134.7887248506184,135.63829040527344,1780800,0.0,0.0
2020-02-10,135.36488375170381,139.38814695502742,135.10123469141467,139.20260620117188,2456000,0.0,0.0
2020-02-11,140.03269225945542,140.96039639259482,139.3003036704405,140.6479034423828,2274200,0.0,0.0
2020-02-12,140.08147738181643,141.06776990986617,139.08542503980314,139.6225128173828,1830700,0.0,0.0
2020-02-13,138.59720065364823,142.82552562778002,137.93317552723568,141.53652954101562,3384500,0.0,0.0
2020-02-14,141.5364993314193,141.98568919741535,139.75922969509787,140.78457641601562,1810500,0.0,0.0
2020-02-18,140.64787601448447,140.7455337675024,139.26122234442056,140.27679443359375,2461700,0.0,0.0
2020-02-19,140.1303069467635,142.19076013970025,139.4565072679602,140.67715454101562,1676600,0.0,0.0
2020-02-20,140.3744693305787,140.70648189061862,137.9234143954847,140.17916870117188,1182500,0.0,0.0
2020-02-21,139.57371160241183,139.64207501514025,138.17729800449192,138.89015197753906,1754800,0.0,0.0
2020-02-24,136.00942021218685,137.51326621414253,134.31027359842022,135.14031982421875,1642000,0.0,0.0
2020-02-25,135.53092216888132,135.58952576334275,131.16590056209162,131.65415954589844,2236200,0.0,0.0
2020-02-26,132.74786618937623,135.98013855294894,132.31819586301316,132.9529266357422,2562100,0.0,0.0
2020-02-27,131.30259907864124,134.20284343796402,130.75573655619476,130.8045654296875,3075200,0.0,0.0
2020-02-28,127.3379236019919,130.1112456622203,124.01776882206566,130.10147094726562,4776300,0.0,0.0
2020-03-02,130.69713431847327,135.9019758030202,129.93545165248872,135.64808654785156,2881600,0.0,0.0
2020-03-03,136.18518960330155,138.431168798709,132.43534963344086,134.01731872558594,2768200,0.0,0.0
2020-03-04,136.6636340079672,140.32557497763662,135.26722100376173,140.24745178222656,3283700,0.0,0.0
2020-03-05,137.4253610788482,139.29051386003272,134.81806005144279,136.2828369140625,2472600,0.0,0.0
2020-03-06,131.75179912199175,134.3688749582863,128.73436225330997,133.831787109375,3204200,0.0,0.0
2020-03-09,125.77550215493098,130.16005776842982,124.5939089993289,126.67389678955078,2827400,0.0,0.0
2020-03-10,130.48229936186019,130.48229936186019,124.2814130265407,129.6034393310547,3265500,0.0,0.0
2020-03-11,127.32819119478287,128.55859860502724,124.36934261976785,127.21101379394531,3591500,0.0,0.0
2020-03-12,119.389082792224,124.34978815562015,117.10402698899372,117.45557403564453,5344300,0.0,0.0
2020-03-13,121.42999259090885,122.82641340790332,114.53577898615124,122.53346252441406,4073300,0.0,0.0
2020-03-16,111.68435994658664,117.10403006608966,103.90151074022563,104.52648162841797,4364700,0.0,0.0
2020-03-17,106.70411356093261,115.30724180227641,104.63390026650077,108.44232177734375,5299600,0.0,0.0
2020-03-18,102.046117858789,107.4462605113353,93.76524300707061,103.33512115478516,5218300,0.0,0.0
2020-03-19,102.48555037056718,110.23910486140223,98.37441091579858,99.92707824707031,4492600,0.0,0.0
2020-03-20,99.1653939113508,103.96986010341894,96.21630573515534,98.56971740722656,6662600,0.0,0.0
2020-03-23,96.73385429858426,98.66736288894164,88.02331700316377,90.48414611816406,5405800,0.0,0.0
2020-03-24,96.3920758468257,102.74920912104973,95.2104901452063,101.32349395751953,4732500,0.0,0.0
2020-03-25,100.23956169891619,110.33675298456123,98.159573849955,105.66899871826172,4424800,0.0,0.0
2020-03-26,106.93846888904616,115.9029028027196,106.93846888904616,115.14122009277344,4159000,0.0,0.0
2020-03-27,111.83083300854334,115.01428363018948,108.43255469484565,109.1454086303711,2870100,0.0,0.0
2020-03-30,110.96171923786112,114.98497541207264,109.78990081248371,113.94010162353516,2031900,0.0,0.0
2020-03-31,112.96358857805667,117.4262749885517,111.22538794490075,114.9263916015625,3956000,0.0,0.0
2020-04-01,111.25468074280495,112.65110158883577,108.1493536317132,109.29187774658203,2521000,0.0,0.0
2020-04-02,108.63761232036435,113.56903051140725,108.26653821430031,113.30536651611328,2403700,0.0,0.0
2020-04-03,112.37768869357778,114.4772037989098,111.04962367114639,111.9187240600586,1701900,0.0,0.0
2020-04-06,116.77200560137084,124.46696353183597,115.13145532505077,123.81269836425781,3419900,0.0,0.0
2020-04-07,125.99034470048728,127.8066686059371,123.06078352535883,123.14867401123047,3075000,0.0,0.0
2020-04-08,123.3927939508855,124.9845153362923,119.37930506198487,124.26189422607422,2478400,0.0,0.0
2020-04-09,123.57834058687796,128.07031389069246,123.47092302415194,125.72667694091797,1962300,0.0,0.0
2020-04-13,125.004052072045,125.79504409413853,119.24260237350997,120.06287384033203,3188900,0.0,0.0
2020-04-14,123.45139302129189,125.91222233912787,121.26399497784693,124.81851959228516,2508200,0.0,0.0
2020-04-15,122.474866137945,123.15843309850675,120.18981796037777,120.90267181396484,2262900,0.0,0.0
2020-04-16,122.47742278180796,125.2454416873857,121.26458345000056,124.65857696533203,2064000,0.2,0.0
2020-04-17,126.89842473531212,128.65898898534647,125.79316935146159,127.8569564819336,1977600,0.0,0.0
2020-04-20,125.9007636686771,126.3115629982933,124.44339987801308,124.59989166259766,2418600,0.0,0.0
2020-04-21,123.03492628586844,123.289233809777,120.87333098838111,121.96879577636719,2607800,0.0,0.0
2020-04-22,123.75872078751907,124.68791823006141,122.80018906549623,123.05448913574219,1943700,0.0,0.0
2020-04-23,123.48485817557753,123.84675708002312,120.70706375970755,120.93202209472656,3259300,0.0,0.0
2020-04-24,121.87099987720846,124.07172020691755,119.97349497839764,123.15231323242188,1945400,0.0,0.0
2020-04-27,124.17931016935027,125.78339761237355,123.33814536698114,124.62923431396484,2202200,0.0,0.0
2020-04-28,125.64645883509401,125.8811927719479,120.15932173000381,120.30603790283203,3098400,0.0,0.0
2020-04-29,121.54822221183251,124.1988740759248,120.31582423613716,122.8001937866211,2905300,0.0,0.0
2020-04-30,122.75127860654247,127.56351817610332,122.10573045188967,126.47782897949219,3075300,0.0,0.0
2020-05-01,124.64879118250538,125.08893222581708,122.18398044553582,124.73681640625,1738300,0.0,0.0
2020-05-04,124.96179475286755,125.255219657136,122.80997481009027,124.6488037109375,1833800,0.0,0.0
2020-05-05,125.8323169210072,129.34370050760086,125.4802010015151,128.42428588867188,2445800,0.0,0.0
2020-05-06,123.21099237485099,126.08660255886213,122.87843521191826,122.93712615966797,3393900,0.0,0.0
2020-05-07,124.50209219090969,124.70749187027941,120.66794991808415,121.51889038085938,3098000,0.0,0.0
2020-05-08,122.46764678228695,123.59246094809022,122.08618916831038,122.72195434570312,1617500,0.0,0.0
2020-05-11,122.59478985219523,124.07171980254004,121.8220990613242,123.62179565429688,1888300,0.0,0.0
2020-05-12,124.27713217001055,124.90311430651568,121.15700455713845,121.29393768310547,1889500,0.0,0.0
2020-05-13,120.82442949245886,122.33070111777388,119.08341646622168,120.33538055419922,1879000,0.0,0.0
2020-05-14,119.39640205966494,123.75871749512581,118.83888659388907,123.26966857910156,2246800,0.0,0.0
2020-05-15,123.67070973856212,125.15741536983863,122.56545425638018,124.69770812988281,2921700,0.0,0.0
2020-05-18,127.32877919120283,129.63709086360365,126.95711213286515,128.5416259765625,2762800,0.0,0.0
2020-05-19,128.1797537682461,132.78658727380517,127.23099745592828,131.39768981933594,3335300,0.0,0.0
2020-05-20,133.21693152496184,134.06788685006745,130.1261385667665,130.41957092285156,2303400,0.0,0.0
2020-05-21,130.85970458277433,130.9575203374589,127.0549045491284,127.47549438476562,1413100,0.0,0.0
2020-05-22,126.76151319715022,127.91566173186645,126.05728140747559,127.26033782958984,1602400,0.0,0.0
2020-05-26,128.54161343817512,129.99898455970595,127.2896494252233,127.59285736083984,2322300,0.0,0.0
2020-05-27,130.7716923099774,132.73767873189271,127.98412212044992,132.66920471191406,2287000,0.0,0.0
2020-05-28,134.79166591885058,137.1684515185854,134.44934061696543,135.08509826660156,2367800,0.0,0.0
2020-05-29,135.40786146892782,136.59135144609067,131.99429478292484,136.33705139160156,2814500,0.0,0.0
2020-06-01,135.61329713784247,136.05345322752356,134.06791525590435,135.31008911132812,1413000,0.0,0.0
2020-06-02,135.63281895612835,138.4106131020826,135.19267793487165,138.3812713623047,1649100,0.0,0.0
2020-06-03,138.54757890095567,140.07342435253256,137.58904701790425,139.40830993652344,1459500,0.0,0.0
2020-06-04,137.93138604288362,139.1442180278872,136.34685711228894,137.4423370361328,1524800,0.0,0.0
2020-06-05,138.43020019045872,139.31048236621714,136.29795384604432,137.9215850830078,1947800,0.0,0.0
2020-06-08,135.95561765859773,138.25415385503615,134.6547455691869,138.2052459716797,1747300,0.0,0.0
2020-06-09,137.79443997477225,138.6844977407651,135.43722040174802,135.75999450683594,1622500,0.0,0.0
2020-06-10,136.20012445003033,138.1269783920517,135.71107552920438,136.84567260742188,1731100,0.0,0.0
2020-06-11,134.65472613899075,135.0655254356451,127.84717361644944,128.1894989013672,2524000,0.0,0.0
2020-06-12,131.42700812427768,133.2267195766349,128.43403098200102,131.1335906982422,1638500,0.0,0.0
2020-06-15,128.9230912954192,130.73257851337172,127.55376010451882,130.38046264648438,2457900,0.0,0.0
2020-06-16,133.8918153780406,134.68407225623076,131.75956920832328,133.2560577392578,1919800,0.0,0.0
2020-06-17,133.77443987862992,134.53735496634602,133.12889175068923,133.7939910888672,1455000,0.0,0.0
2020-06-18,132.82570771556496,134.674312287513,132.5713926908522,134.39065551757812,1031500,0.0,0.0
2020-06-19,136.9826241007288,137.0315319842959,133.44189928982053,134.39065551757812,2316300,0.0,0.0
2020-06-22,133.81356211036658,134.43954412634199,133.0310808592502,133.9407196044922,1107800,0.0,0.0
2020-06-23,135.07532266069256,136.00451265807968,134.52757531341578,135.08509826660156,994900,0.0,0.0
2020-06-24,134.0287541149381,134.75255193417863,130.63475320615007,131.35855102539062,1701600,0.0,0.0
2020-06-25,131.23138931422727,132.51269513489243,129.0013273665099,132.34642028808594,1141700,0.0,0.0
2020-06-26,132.04320079834312,132.7767741361117,129.6957720873188,129.75445556640625,2612800,0.0,0.0
2020-06-29,130.34131957519938,130.62497632134506,128.4046899300026,129.08935546875,2126400,0.0,0.0
2020-06-30,129.2067373965404,134.80145852813627,129.1676051231226,134.0385284423828,1878800,0.0,0.0
2020-07-01,134.2830577959283,135.92627007364575,133.70598360105063,134.1852569580078,1226800,0.0,0.0
2020-07-02,135.5447913990127,136.00449854705525,134.36128652489327,134.6449432373047,1307300,0.0,0.0
2020-07-06,135.53503508760602,136.5424747449163,134.93839476316685,135.5643768310547,1297800,0.0,0.0
2020-07-07,135.30029131886303,137.48144557016096,135.08510857572975,135.4078826904297,1140300,0.0,0.0
2020-07-08,135.6817501561585,136.63050637098306,134.4199954304436,135.769775390625,932600,0.0,0.0
2020-07-09,135.76977573675936,136.50334920836457,132.37577461416532,134.66452026367188,962500,0.0,0.0
2020-07-10,134.41021257332315,134.81123629704794,132.64963335601044,134.09722900390625,1821100,0.0,0.0
2020-07-13,135.42745485506873,138.60627333648435,135.0948901943238,135.28073120117188,1569200,0.0,0.0
2020-07-14,135.20246531168664,137.53034303400358,135.1340062211069,137.32493591308594,1163300,0.0,0.0
2020-07-15,138.4595505269778,140.6407048886423,137.95093538796408,139.78976440429688,2223200,0.0,0.0
2020-07-16,139.672233274589,140.02484258087134,138.56542893491007,140.0052490234375,942000,0.2,0.0
2020-07-17,140.84756741597616,142.2971765507888,139.30979476125734,141.68991088867188,1518100,0.0,0.0
2020-07-20,142.11108537233082,143.67824099788774,141.35690536530367,142.9730224609375,1173700,0.0,0.0
2020-07-21,143.49214363318293,143.9818779117945,141.20998010139266,142.03273010253906,1659600,0.0,0.0
2020-07-22,142.42450452168032,143.10034011318743,141.09242689152907,142.1306610107422,1020900,0.0,0.0
2020-07-23,142.52243666439676,144.0699984773109,140.6810462978607,141.1120147705078,1051500,0.0,0.0
2020-07-24,140.75943332399535,141.37648835381032,138.96700406585742,141.2589569091797,1214800,0.0,0.0
2020-07-27,141.23937798097026,144.05046320205633,140.7888307662216,143.90353393554688,1256700,0.0,0.0
2020-07-28,144.07983357206794,144.76545858647287,142.72816215402364,142.98281860351562,2257500,0.0,0.0
2020-07-29,143.37463516090023,145.13766688997808,143.04160443950184,144.55978393554688,1059600,0.0,0.0
2020-07-30,143.0318184806963,146.420786887029,143.0122249212127,146.048583984375,1129300,0.0,0.0
2020-07-31,145.75469574865224,148.79105388217732,145.42168006692432,148.56576538085938,2250100,0.0,0.0
2020-08-03,149.0653328165133,152.22901229872434,148.61477067182287,151.3376922607422,1902300,0.0,0.0
2020-08-04,150.83817575705467,152.70896451083306,150.04480852260045,152.4445037841797,1682300,0.0,0.0
2020-08-05,152.7970788106968,155.11841426391388,152.58159455519535,154.4817657470703,1587200,0.0,0.0
2020-08-06,155.20659960237813,160.61325546729626,154.48178746420584,158.01766967773438,2068700,0.0,0.0
2020-08-07,158.62491077684692,158.67388718791898,154.17813063784848,155.61795043945312,1515700,0.0,0.0
2020-08-10,156.05876974635476,156.64644207429706,153.9627070577934,154.84422302246094,1393200,0.0,0.0
2020-08-11,155.60816393416798,156.20564034817247,153.44354680567093,153.70799255371094,1136700,0.0,0.0
2020-08-12,154.0802058515484,157.55732243331386,153.6688308255952,156.08811950683594,1386500,0.0,0.0
2020-08-13,155.41227882746375,156.58763814217016,154.80501308639143,155.60816955566406,1192600,0.0,0.0
2020-08-14,155.41228061043068,155.5102334484069,152.5424447928858,153.82554626464844,1780200,0.0,0.0
2020-08-17,154.67769210351793,155.32414501903617,153.59048127123944,154.18795776367188,2368000,0.0,0.0
2020-08-18,154.2760798985025,157.23407898859696,153.86470491704623,156.8814697265625,1476700,0.0,0.0
2020-08-19,156.75414293605385,157.67484578060467,155.11843222210894,155.32412719726562,1076500,0.0,0.0
2020-08-20,154.78543423953485,155.62777790180013,153.86473128944186,155.2849578857422,1828500,0.0,0.0
2020-08-21,155.50040028740642,155.95096233462397,153.96264264650492,155.118408203125,1259500,0.0,0.0
2020-08-24,156.4701050711141,156.4701050711141,153.00279288687472,153.54148864746094,1721500,0.0,0.0
2020-08-25,154.74624432947454,155.60816650576325,153.42395578540618,155.32412719726562,1076100,0.0,0.0
2020-08-26,154.34466971851265,157.1165677565976,153.9920604111289,156.4799041748047,1917800,0.0,0.0
2020-08-27,156.71496943509976,157.72382085519789,155.31433656961556,156.33297729492188,1121700,0.0,0.0
2020-08-28,156.137082970771,156.89126298301852,155.33391159710007,156.7149658203125,926000,0.0,0.0
2020-08-31,156.56807533354197,158.25276266800748,155.99017745059294,156.8129425048828,1392800,0.0,0.0
2020-09-01,157.41041596447607,158.81104898368594,156.69539307718856,158.722900390625,1273100,0.0,0.0
2020-09-02,158.77183753217275,162.4154612656339,158.49758756905223,161.93551635742188,1790200,0.0,0.0
2020-09-03,161.88661160596422,162.12168951219672,154.13900935458972,155.53965759277344,1794100,0.0,0.0
2020-09-04,155.89222030635716,156.9206652881409,152.1016667989545,154.0116424560547,1552500,0.0,0.0
2020-09-08,153.02235551833752,153.0615426267817,149.3689422948182,150.3582000732422,1829100,0.0,0.0
2020-09-09,152.01351915337864,157.40059629115981,152.01351915337864,155.64735412597656,1408600,0.0,0.0
2020-09-10,155.63755155592395,158.20376940130507,153.98226220811705,154.85398864746094,1356800,0.0,0.0
2020-09-11,155.7354937588001,156.3427594550469,154.60911094566424,155.3339080810547,854100,0.0,0.0
2020-09-14,156.65620273654324,158.6445227032193,156.33297632063721,157.55731201171875,2092000,0.0,0.0
2020-09-15,158.91876777473107,160.5446891089928,158.3800570982584,158.94815063476562,1039900,0.0,0.0
2020-09-16,160.16269828600073,160.62304969095848,157.82176909601503,157.93930053710938,1721200,0.0,0.0
2020-09-17,157.12631656038968,157.21446512813736,154.75600486166488,157.17529296875,1258100,0.0,0.0
2020-09-18,156.82270221549655,158.64451422427712,155.85302301960417,157.5670928955078,2518700,0.0,0.0
2020-09-21,156.06851579582656,157.76300715488338,154.18793796574695,157.66505432128906,1170000,0.0,0.0
2020-09-22,157.05778234902428,159.1440401229067,156.81291522028897,158.19395446777344,1545000,0.0,0.0
2020-09-23,158.64454305129422,159.33016813713877,155.85305133938428,156.05874633789062,1301200,0.0,0.0
2020-09-24,155.57877847423654,156.23502059906477,153.31620855022328,154.73643493652344,1415600,0.0,0.0
2020-09-25,154.197728347432,158.14500039717979,154.02143118033624,157.5377197265625,1195900,0.0,0.0
2020-09-28,158.83062352958606,160.9658577930592,157.85115498035896,158.00787353515625,2293800,0.0,0.0
2020-09-29,158.30168425499264,160.05494112946846,158.12538710989574,159.14402770996094,1046300,0.0,0.0
2020-09-30,159.57503615928346,163.3655751827436,159.40852827651065,161.9747314453125,1906700,0.0,0.0
2020-10-01,162.817059351841,163.35577006484928,159.7513328314568,160.6622314453125,1061900,0.0,0.0
2020-10-02,159.04610127464437,161.3282646940843,158.67389845866174,160.19207763671875,1042600,0.0,0.0
2020-10-05,160.74059961989474,161.68089609331028,159.19303737030785,160.09414672851562,1274600,0.0,0.0
2020-10-06,161.1225935311692,161.1225935311692,157.53773467176106,158.2037811279297,1194900,0.0,0.0
2020-10-07,158.38008874302264,160.13334611807528,155.68654976798652,156.62684631347656,3591700,0.0,0.0
2020-10-08,158.60535398590378,160.2018926947942,156.60724448234944,159.8199005126953,3642400,0.0,0.0
2020-10-09,160.61323622582515,162.2391574800317,159.51623631720523,162.03346252441406,1620900,0.0,0.0
2020-10-12,163.64961175781625,165.49101746647887,162.7778853214715,165.0894317626953,1582300,0.0,0.0
2020-10-13,164.39398527006574,164.60946953022298,161.9159312237602,161.9257354736328,1515800,0.0,0.0
2020-10-14,163.12069461967545,163.27741318312664,159.44768735725282,160.29983520507812,1319500,0.0,0.0
2020-10-15,158.72288237183653,159.87864809322215,157.90013237232432,159.64358520507812,1363800,0.0,0.0
2020-10-16,160.6132419217489,162.44485819652883,159.96680406438875,160.19207763671875,1631000,0.0,0.0
2020-10-19,161.2401143407091,161.6123171870954,156.14688066694399,156.70518493652344,1271100,0.0,0.0
2020-10-20,157.18572289827654,158.42139265690673,156.04811361713107,156.60711669921875,2145700,0.2,0.0
2020-10-21,156.4207844161539,159.00001593206517,156.4207844161539,158.06834411621094,1456700,0.0,0.0
2020-10-22,158.25465203342273,160.07874423321104,158.1369734928587,159.2451629638672,878800,0.0,0.0
2020-10-23,159.9512699993118,161.43211322446226,159.11767373520004,160.333740234375,1111200,0.0,0.0
2020-10-26,158.87251104546002,159.80416783961286,155.8912063113288,157.38185119628906,1151600,0.0,0.0
2020-10-27,157.73492846203843,161.30465649238408,157.5289909595605,159.33346557617188,1851000,0.0,0.0
2020-10-28,156.67573908293176,158.39195436098998,155.10663695009004,155.62640380859375,2160700,0.0,0.0
2020-10-29,156.3815581509885,159.31382525258735,155.07723261526212,158.07815551757812,1539000,0.0,0.0
2020-10-30,156.9307426374014,158.20564851726803,153.2335200750515,155.48912048339844,2078300,0.0,0.0
2020-11-02,158.1958165523108,160.10816770332755,157.60740887118766,159.7453155517578,1516600,0.0,0.0
2020-11-03,161.4615354659641,162.29513174352644,159.75512171665048,159.99049377441406,1519500,0.0,0.0
2020-11-04,162.7854787990157,172.7689412187803,162.76586071983735,170.9840850830078,3403700,0.0,0.0
2020-11-05,171.30770135769075,173.22986908654696,167.09072714446856,167.60067749023438,2539300,0.0,0.0
2020-11-06,168.67946932410914,169.2874951807994,163.05027699559525,165.98255920410156,2008200,0.0,0.0
2020-11-09,172.0726781904449,173.00433505184785,161.82440782237705,162.0107421875,2325300,0.0,0.0
2020-11-10,162.83452007225856,163.73677224657055,157.39167717164736,159.4217071533203,2926600,0.0,0.0
2020-11-11,161.80478486453882,162.71682353246052,160.17682846427624,161.7655487060547,1570200,0.0,0.0
2020-11-12,160.9908014600755,163.38369826711426,160.62793434477243,162.00091552734375,1182800,0.0,0.0
2020-11-13,162.26574481677082,163.8054276495772,161.33407291961242,162.57955932617188,1666600,0.0,0.0
2020-11-16,163.1581202386285,165.2666221474202,161.42230194933714,162.09896850585938,1548000,0.0,0.0
2020-11-17,161.31442692559378,162.90314706191978,160.9025370741096,162.23626708984375,1214300,0.0,0.0
2020-11-18,161.91268423820537,163.11893440468026,160.26510953092634,160.34356689453125,1457800,0.0,0.0
2020-11-19,160.90254298514608,163.71713122245797,160.38276116800182,163.0992889404297,1329000,0.0,0.0
2020-11-20,163.63868652852324,164.91359238429803,162.93258528422368,162.99142456054688,1217600,0.0,0.0
2020-11-23,162.9423979291595,163.9819467503747,159.0098180638019,161.16734313964844,1493100,0.0,0.0
2020-11-24,161.21636754241348,163.0404599029031,157.372046915145,157.95065307617188,2425500,0.0,0.0
2020-11-25,158.86271101832244,159.53937766861824,156.17560264071633,157.0974578857422,1981800,0.0,0.0
2020-11-27,158.49983561172124,159.05883864300236,157.19551016960867,158.3527374267578,853300,0.0,0.0
2020-11-30,159.34326327247567,159.34326327247567,156.5678956045474,157.2838134765625,4533900,0.0,0.0
2020-12-01,158.51948160876245,159.34326151805766,156.901341432346,158.24488830566406,1964400,0.0,0.0
2020-12-02,157.89182022333415,158.71560004178437,155.42046580377243,155.8813934326172,1529400,0.0,0.0
2020-12-03,155.51856329813327,156.01871219507655,153.41987729299896,154.0377197265625,2308200,0.0,0.0
2020-12-04,154.1259688999085,155.16550279493848,153.63562159363303,154.9007110595703,1497100,0.0,0.0
2020-12-07,154.51821950078423,156.12655784552564,154.51821950078423,155.3910369873047,1407100,0.0,0.0
2020-12-08,153.84155632112956,156.42078789439373,153.44928446883466,155.92063903808594,1593900,0.0,0.0
2020-12-09,156.6071235126211,157.07785273197734,154.61631466610945,155.63623046875,1510400,0.0,0.0
2020-12-10,156.3717234554307,157.37203596135313,154.84184254296665,155.06739807128906,1847000,0.0,0.0
2020-12-11,154.50840928677437,156.5384389603423,154.12593906049582,156.45018005371094,1264000,0.0,0.0
2020-12-14,157.0091990664788,159.72571212006585,156.0186880214788,156.4207763671875,1612900,0.0,0.0
2020-12-15,157.19552464364511,158.98039592799992,155.30279132319225,158.8332977294922,1813100,0.0,0.0
2020-12-16,159.2255790645804,160.1768540428952,157.44070767377534,157.5191650390625,1440900,0.0,0.0
2020-12-17,158.76464551896999,160.80449204828759,158.12720002540087,159.5590057373047,1486800,0.0,0.0
2020-12-18,159.5099626434845,161.36347474524885,157.94086034130626,160.47105407714844,3566400,0.0,0.0
2020-12-21,157.63680283247214,158.44096435496152,155.24390641202837,157.73486328125,1463800,0.0,0.0
2020-12-22,157.43088942470004,159.24518026461968,156.5580719042039,158.70579528808594,1209200,0.0,0.0
2020-12-23,158.87255642219833,159.83363312909316,156.75425207849074,156.76406860351562,1164600,0.0,0.0
2020-12-24,156.83265944076174,158.74501068385712,156.7640186085533,157.61721801757812,417400,0.0,0.0
2020-12-28,158.32331761169044,159.68648232625515,157.2151280721789,159.25497436523438,1522400,0.0,0.0
2020-12-29,160.05914484336571,161.91265672142086,159.26476978344826,159.9708709716797,1188400,0.0,0.0
2020-12-30,160.353371619588,161.61847605690514,160.01013748177786,161.0987091064453,1009000,0.0,0.0
2020-12-31,161.32423718962423,162.48144945898446,160.07875104687454,162.304931640625,1292600,0.0,0.0
2021-01-04,162.79527030694987,163.03064234993056,157.61720507504626,160.43179321289062,1805900,0.0,0.0
2021-01-05,160.00029043202522,162.0989759157976,159.36284503755877,161.54978942871094,1358600,0.0,0.0
2021-01-06,159.7747468802079,164.66841784486365,159.52957325407866,163.92308044433594,2139800,0.0,0.0
2021-01-07,164.2172952612965,165.54123885607663,163.4817743673544,163.77598571777344,1710700,0.0,0.0
2021-01-08,164.1682632668163,166.600396548493,163.47197850956277,164.86456298828125,1475900,0.0,0.0
2021-01-11,164.65860232158644,167.19861247649393,164.3447878596268,166.11984252929688,1117000,0.0,0.0
2021-01-12,165.75698686631105,166.4728896539308,161.08887151747734,162.9129638671875,1304200,0.0,0.0
2021-01-13,161.91265216314252,162.84430885454412,158.51944293943563,158.82345581054688,2603100,0.0,0.0
2021-01-14,159.4217023866584,160.2258790940883,157.79374585518656,157.85260009765625,2213900,0.0,0.0
2021-01-15,158.3135144411006,158.97059295983902,156.53845969519415,158.44100952148438,2516500,0.0,0.0
2021-01-19,159.4821644937035,161.03406521118984,158.38208904329454,159.67861938476562,1464200,0.25,0.0
2021-01-20,159.66876955438872,161.27960056169562,158.95175724295515,160.4545440673828,1618000,0.0,0.0
2021-01-21,159.5803612585242,162.80202301881852,159.5803612585242,161.53497314453125,2440200,0.0,0.0
2021-01-22,161.72157917487576,162.26180003961016,159.74733381910187,160.42506408691406,1079100,0.0,0.0
2021-01-25,159.6687616854698,160.28756151940937,157.57664033255153,158.470458984375,1443800,0.0,0.0
2021-01-26,158.48032283145986,158.7651584550532,155.73993585795037,156.86949157714844,1982000,0.0,0.0
2021-01-27,155.1800456372218,155.46488119524403,149.8367973444648,150.42611694335938,2235600,0.0,0.0
2021-01-28,151.55569860154964,157.79275161225607,151.50658487963466,153.74603271484375,1859300,0.0,0.0
2021-01-29,152.8816707515742,153.7853212203269,149.5912613880834,151.50657653808594,1977200,0.0,0.0
2021-02-01,153.4218800947753,154.24693656052293,151.50656508950343,152.8129119873047,1885700,0.0,0.0
2021-02-02,154.74790194006877,156.8498404312558,154.47288307112126,154.5907440185547,1583000,0.0,0.0
2021-02-03,154.52197088013747,155.47470502444838,152.3316220583145,152.46913146972656,1726000,0.0,0.0
2021-02-04,152.58701718545154,154.46303535005498,151.83070788040666,154.33535766601562,1888000,0.0,0.0
2021-02-05,155.08183558042654,157.40967898096417,154.79699999050112,156.44711303710938,1377800,0.0,0.0
2021-02-08,157.54715088039663,159.0106554263858,155.68094990488765,157.17391967773438,1625100,0.0,0.0
2021-02-09,156.96768671987272,158.9124671079275,156.18191217308805,156.98733520507812,1852700,0.0,0.0
2021-02-10,158.38202907035952,159.8357017918671,157.3212360074005,157.7632293701172,1746000,0.0,0.0
2021-02-11,158.2838264256048,161.80015537311937,157.5471657100266,161.51531982421875,1860300,0.0,0.0
2021-02-12,160.70007907548802,164.7664455983599,160.70007907548802,163.7449493408203,2188700,0.0,0.0
2021-02-16,164.99237249009497,166.86840561124913,160.7197487965824,163.36190795898438,2609700,0.0,0.0
2021-02-17,162.87080409485614,166.8291270516391,162.06538106771777,165.89601135253906,1561800,0.0,0.0
2021-02-18,164.72718401915316,167.04521060828782,162.77257196293377,164.96290588378906,1954100,0.0,0.0
2021-02-19,164.89415079206228,165.04147695042192,156.57479400224983,157.154296875,3793100,0.0,0.0
2021-02-22,156.17212039428193,158.14636633210222,155.4452761994967,157.31149291992188,2908200,0.0,0.0
2021-02-23,157.51768864088777,158.92226275979976,156.40779677093857,156.6828155517578,1811000,0.0,0.0
2021-02-24,158.32316039067828,158.73568868932318,156.01495028080362,156.22122192382812,2495900,0.0,0.0
2021-02-25,155.68099208069998,156.61409282124242,152.9799023127383,153.69691467285156,2059900,0.0,0.0
2021-02-26,154.34517480924214,154.65949062054815,152.19412281125048,152.47897338867188,2561500,0.0,0.0
2021-03-01,153.3334755779466,157.10517490786327,153.15666920980001,154.8853759765625,1680100,0.0,0.0
2021-03-02,155.57292321566945,156.71229540678414,152.76378970303892,154.2567596435547,2039500,0.0,0.0
2021-03-03,152.58699660056618,153.03880678295863,146.53655295125316,146.66424560546875,3392700,0.0,0.0
2021-03-04,145.96686651733762,146.3499294916789,139.6905177916536,141.43885803222656,6115200,0.0,0.0
2021-03-05,142.66662903816416,143.44257175138515,138.89492967123988,143.08897399902344,3520700,0.0,0.0
2021-03-08,145.3775698761492,146.9393023981345,142.440757969121,142.5684356689453,2303100,0.0,0.0
2021-03-09,144.87660518874037,150.76007407627608,144.72927904283063,147.4696502685547,3121500,0.0,0.0
2021-03-10,147.77413918163532,149.98412136776366,145.9275864797696,148.4027557373047,2119200,0.0,0.0
2021-03-11,149.94484430056715,150.8190144611012,149.48320236313216,149.65017700195312,1456800,0.0,0.0
2021-03-12,149.49306148967676,150.13150998222955,148.0000910775627,149.8564910888672,1727200,0.0,0.0
2021-03-15,150.05289880479066,152.73433993319009,149.78769671904493,152.08607482910156,1917700,0.0,0.0
2021-03-16,152.39056601622846,153.57905209591652,151.65390517827558,152.272705078125,1627600,0.0,0.0
2021-03-17,151.43781342846106,157.52755487654238,150.868142248709,153.39242553710938,2482500,0.0,0.0
2021-03-18,152.5378729658061,153.18613795479166,149.06082619753786,149.70909118652344,2462200,0.0,0.0
2021-03-19,149.88594197899815,152.14502338857207,149.27695878422054,150.3966827392578,4034400,0.0,0.0
2021-03-22,150.31808337347047,153.13704885899668,149.88592163208662,152.86203002929688,1604100,0.0,0.0
2021-03-23,152.91114217995582,154.45322609871062,151.25121230764614,153.26473999023438,1962800,0.0,0.0
2021-03-24,152.56737592402615,154.45322591412352,152.51826220288436,152.66558837890625,1739700,0.0,0.0
2021-03-25,153.31384969428248,153.31384969428248,149.03139409863098,150.16094970703125,1656600,0.0,0.0
2021-03-26,150.40649552646167,153.41206918565297,149.91538832757675,153.37277221679688,1877200,0.0,0.0
2021-03-29,152.989708363755,156.28994932169343,152.74415476565662,155.57293701171875,2044800,0.0,0.0
2021-03-30,154.51215033604882,155.4550827878875,153.7165590418677,154.2469482421875,1298000,0.0,0.0
2021-03-31,154.72823664336767,155.80867850214258,154.13890199541723,154.6791229248047,1564100,0.0,0.0
2021-04-01,154.90504148556442,155.98546834614564,153.48081859847605,155.0818328857422,1386400,0.0,0.0
2021-04-05,155.73987068079694,156.46671453538178,154.8853491802297,155.59254455566406,1212600,0.0,0.0
2021-04-06,156.00509284325219,156.36850732378454,152.64592186976327,153.127197265625,1802500,0.0,0.0
2021-04-07,152.93077115118598,155.36665854038273,152.93077115118598,155.07200622558594,1660500,0.0,0.0
2021-04-08,156.0738550890237,157.91060612518342,155.80866800397635,157.154296875,3440800,0.0,0.0
2021-04-09,157.262374174921,158.08743081030508,155.6417261420305,157.0070037841797,1821900,0.0,0.0
2021-04-12,157.22306883707822,160.24827605086793,155.7006334940811,159.61965942382812,2916400,0.0,0.0
2021-04-13,159.3151901899698,161.08317930173797,158.61782628228045,160.56260681152344,2452700,0.0,0.0
2021-04-14,161.09297181431594,161.90821153173664,159.73752618872882,160.1795196533203,1183100,0.0,0.0
2021-04-15,161.01439990593525,163.44047068058,161.01439990593525,162.5073699951172,2041500,0.0,0.0
2021-04-16,163.31279315767713,165.27722196577486,163.04759107211126,164.6486053466797,2290800,0.0,0.0
2021-04-19,164.52092532706544,165.27723467280316,163.62710655368485,165.11026000976562,1842700,0.0,0.0
2021-04-20,165.20861946601957,166.93005494871642,164.81515450243649,165.98573303222656,1984700,0.25,0.0
2021-04-21,166.81199242797445,168.3662043081032,166.12342134430318,167.3726806640625,1206900,0.0,0.0
2021-04-22,166.93988614225003,167.33335107003876,165.1003993300393,166.31033325195312,1467700,0.0,0.0
2021-04-23,166.2414456070317,168.50390615274057,165.7791161255716,167.7563018798828,1057500,0.0,0.0
2021-04-26,168.09078517153887,168.38587635963063,166.2512983773268,167.02841186523438,980500,0.0,0.0
2021-04-27,166.82184080727706,168.0022506438928,166.35951124472936,166.97923278808594,1323100,0.0,0.0
2021-04-28,166.86118651065672,169.35972026797177,166.66443904133425,168.9170684814453,1394600,0.0,0.0
2021-04-29,169.28101270189018,171.9861251130507,168.95639741138407,171.67135620117188,1686200,0.0,0.0
2021-04-30,170.86473517352985,171.99597301587409,169.70400322421298,170.20567321777344,2151000,0.0,0.0
2021-05-03,171.84841402935012,173.35343903382628,170.52045873643084,172.37960815429688,1886800,0.0,0.0
2021-05-04,171.5828552543466,171.9665038800409,169.6056689273971,170.9336395263672,1849700,0.0,0.0
2021-05-05,171.35655661418636,171.8287174437015,169.5269165138778,171.02210998535156,1929400,0.0,0.0
2021-05-06,164.52004742685105,165.87752706075,162.52318347799383,164.78564453125,3200100,0.0,0.0
2021-05-07,166.428368334262,170.4319272254999,166.2414672417242,168.74984741210938,1492500,0.0,0.0
2021-05-10,169.1924915382227,170.41225676444077,167.98257269099187,168.37603759765625,1472300,0.0,0.0
2021-05-11,167.1267701822159,168.35636682867047,166.5267264183571,167.45138549804688,1596500,0.0,0.0
2021-05-12,166.76280365243252,167.57925757433415,164.72659954192144,165.297119140625,1612100,0.0,0.0
2021-05-13,165.6217637275408,168.47443727420276,165.09058452077002,168.06129455566406,1317900,0.0,0.0
2021-05-14,168.90724827670778,170.1565077330796,168.06128513576613,169.47776794433594,1232600,0.0,0.0
2021-05-17,169.43841476447096,170.1564949900678,167.26448132925185,167.49073791503906,1003600,0.0,0.0
2021-05-18,166.5070885559033,168.18916861411745,165.87753557924955,167.3333740234375,1149500,0.0,0.0
2021-05-19,166.29065667286508,168.55311754788383,165.0708913725765,168.4842529296875,1537900,0.0,0.0
2021-05-20,168.72031332946565,173.10750512636056,167.99238681616032,172.93045043945312,2223000,0.0,0.0
2021-05-21,173.66821356265262,174.80928272290413,172.25171598575048,173.14686584472656,3329900,0.0,0.0
2021-05-24,174.1600749319137,175.79298290817454,173.1075329801965,173.5206756591797,2273000,0.0,0.0
2021-05-25,173.12720069722872,173.8452809064888,171.61234429540653,173.73707580566406,2096400,0.0,0.0
2021-05-26,175.10439234085823,175.57656825609706,171.92711883606873,172.45831298828125,1590300,0.0,0.0
2021-05-27,172.14352399496366,173.6288712842195,171.49429338784887,171.81890869140625,3201800,0.0,0.0
2021-05-28,173.32393590416885,175.24210362224056,172.70422941662218,173.7960968017578,1439900,0.0,0.0
2021-06-01,174.46501130668196,174.58304778280296,170.99263154335748,171.3467559814453,1367300,0.0,0.0
2021-06-02,171.15986314643735,172.08452227993396,169.41874999101768,170.1269989013672,1402900,0.0,0.0
2021-06-03,169.55647431792795,171.67138980464932,169.07448198199756,170.98281860351562,1030300,0.0,0.0
2021-06-04,171.97629994833008,173.20589654321628,171.22871062213994,172.3402557373047,1225200,0.0,0.0
2021-06-07,172.54683513798838,173.8551277204244,171.64185384233753,172.2418975830078,1355100,0.0,0.0
2021-06-08,173.01901567138674,173.34363101152528,170.3040714762178,171.25823974609375,946500,0.0,0.0
2021-06-09,172.5370169355036,174.02237947581347,171.79925885566013,173.80596923828125,1349100,0.0,0.0
2021-06-10,174.09120185996846,179.86539773495022,174.09120185996846,179.1276397705078,1890600,0.0,0.0
2021-06-11,179.02926547018888,179.65881833079396,176.6782773646781,179.2259979248047,1622600,0.0,0.0
2021-06-14,179.0981143129661,181.75403974070466,178.23247357721732,181.567138671875,3695600,0.0,0.0
2021-06-15,181.64586504838604,183.06236284949975,180.88842927784393,182.63937377929688,1629700,0.0,0.0
2021-06-16,182.96397737313288,183.79026270087124,180.3670699075806,181.10482788085938,1933800,0.0,0.0
2021-06-17,181.08515706754025,183.8787970976819,180.78021949512885,183.3968048095703,1245500,0.0,0.0
2021-06-18,181.73436928870538,183.88862483636268,181.47861861093347,182.36392211914062,3361800,0.0,0.0
2021-06-21,182.52131982803826,184.2624327927237,180.662170394467,183.55418395996094,1980700,0.0,0.0
2021-06-22,183.48534043601205,183.94767000525252,182.84595614309262,183.57386779785156,1416600,0.0,0.0
2021-06-23,182.96397951721494,183.50500503923763,182.25573065378967,183.08201599121094,1279700,0.0,0.0
2021-06-24,183.86895183674304,184.31160360227665,181.96061554872486,182.35409545898438,1686000,0.0,0.0
2021-06-25,182.47214682112627,184.23292265787052,181.4884694797725,184.1739044189453,1994900,0.0,0.0
2021-06-28,184.28210262438245,184.86246863170888,182.60985420866206,184.02635192871094,1386100,0.0,0.0
2021-06-29,184.03620536182046,185.11825653039415,183.05252793938124,184.92152404785156,853900,0.0,0.0
2021-06-30,185.03955063150676,185.45269332565132,182.55084808671717,183.318115234375,1203600,0.0,0.0
2021-07-01,183.9476571683946,186.36750995788333,183.56402361746981,186.2002716064453,1997200,0.0,0.0
2021-07-02,186.77083273734166,189.8890884544935,186.66262761738946,189.5546417236328,1767000,0.0,0.0
2021-07-06,188.48242230432905,191.15802596340632,188.48242230432905,190.85308837890625,1535200,0.0,0.0
2021-07-07,192.02364635121455,194.404143541839,190.14481916445044,194.17788696289062,2651100,0.0,0.0
2021-07-08,192.60401740513808,194.03034648125566,190.2235201518835,193.74508666992188,2818200,0.0,0.0
2021-07-09,193.90242775226886,195.16153325639618,192.95810612903412,194.27622985839844,1521100,0.0,0.0
2021-07-12,194.67956975510396,196.04688054348944,194.24674935997925,195.09271240234375,2665800,0.0,0.0
2021-07-13,195.3681458226294,197.29615990203814,194.96483453417144,196.0567169189453,2999000,0.0,0.0
2021-07-14,196.79449551772058,198.74217254003068,196.2928254541678,197.9945831298828,1798900,0.0,0.0
2021-07-15,197.99456011704984,197.99456011704984,195.7714548857219,196.97154235839844,1438000,0.0,0.0
2021-07-16,196.62726366093978,196.97155673517585,194.32546227867473,196.42068481445312,1785400,0.0,0.0
2021-07-19,195.23042870602725,196.24361509193955,192.3679242519765,194.6008758544922,2073300,0.0,0.0
2021-07-20,194.26602157622105,198.41253479904825,194.26602157622105,197.09274291992188,1884900,0.25,0.0
2021-07-21,197.84128626747727,197.84128626747727,194.13798479053398,195.053955078125,1877600,0.0,0.0
2021-07-22,195.5365477014233,197.8806666817243,195.35926896949255,197.5162353515625,1488800,0.0,0.0
2021-07-23,198.69816701365093,200.86499237871794,197.62459062628824,200.520263671875,957800,0.0,0.0
2021-07-26,199.55504168408044,199.7815695299812,197.15182966375923,197.7920379638672,1120000,0.0,0.0
2021-07-27,198.28450730721008,199.64368946861285,197.98902769691654,198.82620239257812,1618200,0.0,0.0
2021-07-28,199.2398438456806,200.83542753765988,198.55040152382065,200.205078125,1363800,0.0,0.0
2021-07-29,200.9043936199662,202.56891427306252,200.54982108422547,201.0422821044922,1114800,0.0,0.0
2021-07-30,199.4073203483238,201.12107505820748,199.18077746126764,199.64369201660156,2427500,0.0,0.0
2021-08-02,200.41191455882037,201.32789978899356,198.3041821829635,199.0625762939453,1580700,0.0,0.0
2021-08-03,199.93916281359205,201.2491108561616,199.22017397309125,201.0225830078125,2915500,0.0,0.0
2021-08-04,201.0915168838585,203.87884786340808,200.18539047457824,201.70216369628906,1824800,0.0,0.0
2021-08-05,195.0145687602937,200.89455468733334,192.6606056274167,200.76651000976562,2149200,0.0,0.0
2021-08-06,201.12107081148127,201.12107081148127,197.11244605816685,198.8360595703125,1282600,0.0,0.0
2021-08-09,199.31865538784862,199.8997707752623,195.67444708396582,196.7086181640625,1238000,0.0,0.0
2021-08-10,197.16166411499236,197.85112148680187,195.20167909882034,195.76307678222656,1476900,0.0,0.0
2021-08-11,195.4873151502692,196.8760587828325,193.9902445248319,194.43345642089844,1083900,0.0,0.0
2021-08-12,194.52209882570546,197.39806931882168,194.2069165657225,196.82681274414062,831200,0.0,0.0
2021-08-13,197.48671729282106,198.570137572791,196.58059079899073,198.4420928955078,934500,0.0,0.0
2021-08-16,198.57012090550182,201.7612735296988,197.9988643538959,201.69232177734375,1040200,0.0,0.0
2021-08-17,201.46577045264632,203.6030490958384,201.46577045264632,203.48486328125,1080500,0.0,0.0
2021-08-18,203.12045844252188,203.70157384031452,200.09675573843597,200.26419067382812,1089300,0.0,0.0
2021-08-19,199.94899572956265,204.91301067608595,199.62396968900444,203.32728576660156,1126200,0.0,0.0
2021-08-20,203.50456108913872,205.11983242716954,203.49471728033504,203.92808532714844,1194000,0.0,0.0
2021-08-23,204.57815070432022,205.41532536855922,202.88408369952086,203.35684204101562,1081600,0.0,0.0
2021-08-24,202.98257512466847,203.8394675000333,201.40670891277324,201.899169921875,978700,0.0,0.0
2021-08-25,201.30823545948454,201.98783414022733,199.9194916361161,201.34762573242188,780700,0.0,0.0
2021-08-26,201.71202456340077,202.39162313437623,200.29373450722883,200.94378662109375,957600,0.0,0.0
2021-08-27,201.59382941251872,203.08107126319064,200.1656955064577,200.74681091308594,855300,0.0,0.0
2021-08-30,200.74680283620344,203.8690036729452,200.72710018879252,202.78558349609375,667800,0.0,0.0
2021-08-31,202.7067841515289,202.97271728610437,200.0179514357163,201.4756317138672,1480600,0.0,0.0
2021-09-01,201.47562772780302,203.35683222222357,200.4119102392623,203.32728576660156,1030700,0.0,0.0
2021-09-02,204.3023650990622,206.10477417885454,203.60307888880183,206.0653839111328,1116500,0.0,0.0
2021-09-03,205.08045330022253,206.93211140853822,204.02657958108472,206.52828979492188,1003500,0.0,0.0
2021-09-07,206.321453657259,206.70557263109347,202.36207808964744,204.6766357421875,977200,0.0,0.0
2021-09-08,203.87885128063976,206.25251687587163,203.38639028720826,206.17372131347656,832600,0.0,0.0
2021-09-09,206.34114409956592,206.83360506400402,202.75602887960517,202.9136199951172,1109600,0.0,0.0
2021-09-10,203.59323969719918,204.71605021170237,203.22880832610005,203.8788604736328,1151400,0.0,0.0
2021-09-13,205.40548797844136,205.83885606698715,199.16108604840275,201.9090118408203,1407900,0.0,0.0
2021-09-14,201.9090146645544,203.3863976986853,200.30358695827596,200.4808807373047,1790600,0.0,0.0
2021-09-15,200.6286152427232,202.08629564444044,199.31866713456202,200.88470458984375,1354100,0.0,0.0
2021-09-16,200.9536274922323,201.11121861366195,198.36327791282974,199.71263122558594,1644700,0.0,0.0
2021-09-17,197.50641143181664,199.47625547145273,194.89637409078574,195.49717712402344,4160100,0.0,0.0
2021-09-20,193.70461862283503,196.8662250298898,192.83788240582956,195.62521362304688,1523300,0.0,0.0
2021-09-21,196.57072531419576,198.75725325361034,196.13735724999233,197.97915649414062,1614900,0.0,0.0
2021-09-22,199.42699272443897,200.51041288362268,197.31926034734036,198.3140411376953,1673200,0.0,0.0
2021-09-23,199.1216874244276,202.8742379997912,199.1216874244276,201.62339782714844,1197600,0.0,0.0
2021-09-24,201.3574456536815,202.4802560743679,200.68769091344393,201.64306640625,1112000,0.0,0.0
2021-09-27,200.93392284913185,200.93392284913185,193.55686701648622,194.81756591796875,1964000,0.0,0.0
2021-09-28,193.0545407327159,193.290927404593,188.44511334648172,189.8634033203125,1957300,0.0,0.0
2021-09-29,191.77416506489226,193.67505726979684,189.68612025074324,192.04994201660156,1430400,0.0,0.0
2021-09-30,192.98561587213052,195.13273858260507,191.12411392426603,191.21275329589844,1785600,0.0,0.0
2021-10-01,191.2127490140956,194.71906879261763,189.5285258472105,193.23184204101562,2095500,0.0,0.0
2021-10-04,192.23705530904266,193.03485469739962,188.05113710163405,190.76953125,1942300,0.0,0.0
2021-10-05,192.276493917791,194.522115107622,190.7400178435612,193.497802734375,2490200,0.0,0.0
2021-10-06,192.7196914230326,193.11366925147885,190.53316331848762,192.82803344726562,1564600,0.0,0.0
2021-10-07,193.9803861911471,198.40269141105134,193.9803861911471,196.0093231201172,1093400,0.0,0.0
2021-10-08,196.9844074735061,197.63445962506088,193.50763388389612,194.89637756347656,1085600,0.0,0.0
2021-10-11,194.58119094777635,196.09797926749565,193.07426146658958,194.66983032226562,901900,0.0,0.0
2021-10-12,195.89113787095386,196.36389622747942,192.8181860104618,194.1773681640625,1398000,0.0,0.0
2021-10-13,194.00009458413595,195.95023600688165,192.83787876701683,194.4827117919922,1223800,0.0,0.0
2021-10-14,195.82218018139827,198.72769679266784,195.82218018139827,197.36849975585938,1314700,0.0,0.0
2021-10-15,198.0973675770502,199.74218552114218,197.1025867341123,199.17092895507812,1235800,0.0,0.0
2021-10-18,198.93454153155966,199.870214426661,197.73293548817747,199.67323303222656,848800,0.0,0.0
2021-10-19,200.7271181363061,203.06137860120583,200.64832256833373,201.3574676513672,813700,0.0,0.0
2021-10-20,202.74619357736694,203.49472886438176,201.7514127690853,203.19924926757812,794700,0.0,0.0
2021-10-21,203.95766812293434,205.6320326695527,202.21435181625742,205.4744415283203,957000,0.0,0.0
2021-10-22,204.89331527301673,205.92748634249642,203.72125572952083,205.36607360839844,1104400,0.0,0.0
2021-10-25,205.66154346392898,208.57691895626715,203.97733539882992,208.3306884765625,1224700,0.0,0.0
2021-10-26,207.81852246768216,208.5473700895178,204.86375674539283,207.34576416015625,1219300,0.0,0.0
2021-10-27,207.08969213175047,207.8874915674825,205.84869583513984,206.41995239257812,1625200,0.0,0.0
2021-10-28,206.92285633949032,210.4530899341841,206.66647620736126,209.71351623535156,1073700,0.25,0.0
2021-10-29,210.19671063178842,213.90443470643854,209.78255116440718,213.19444274902344,2127500,0.0,0.0
2021-11-01,212.81973937493888,214.61443043176627,209.99949767421086,210.63059997558594,1323900,0.0,0.0
2021-11-02,211.77447033341016,212.39571709154805,208.37243412995602,209.25006103515625,2760900,0.0,0.0
2021-11-03,208.96408647148866,210.03892996669128,205.8775940941344,208.19493103027344,2225300,0.0,0.0
2021-11-04,211.02505021274507,214.87082781945077,210.03895184726497,214.74264526367188,1947300,0.0,0.0
2021-11-05,214.96943588383155,215.4526294822052,211.73503456600997,213.7170867919922,1728000,0.0,0.0
2021-11-08,215.08774515334804,215.35399589351607,212.76055268496236,214.77220153808594,1011300,0.0,0.0
2021-11-09,214.66372675136685,217.2966072279032,214.33831252887384,217.15855407714844,1622700,0.0,0.0
2021-11-10,216.40913596282894,217.74035961783372,213.0268110254484,213.5691680908203,1332000,0.0,0.0
2021-11-11,213.96358840861012,214.29887324020115,212.38584027837007,212.6915283203125,1340200,0.0,0.0
2021-11-12,213.69738079234742,214.5848632917677,212.42530549028933,213.83543395996094,1187100,0.0,0.0
2021-11-15,214.1312246853853,214.28900401342875,212.65207733997394,213.05638122558594,918900,0.0,0.0
2021-11-16,213.04653447952973,218.47007497055534,213.04653447952973,217.11911010742188,1256800,0.0,0.0
2021-11-17,217.92771335070827,219.51533213580853,214.40733537418214,218.78561401367188,1347400,0.0,0.0
2021-11-18,221.20157597804916,223.18362812722154,220.41269433549328,222.40460205078125,1706300,0.0,0.0
2021-11-19,223.3512606645751,225.15582232455102,221.08323160875844,223.2822265625,1734800,0.0,0.0
2021-11-22,223.5484909044951,225.70804867883996,221.22129821777344,221.22129821777344,1655500,0.0,0.0
2021-11-23,219.9886522556976,222.17779154730795,217.8290947074875,220.5507354736328,1098700,0.0,0.0
2021-11-24,220.53103334399933,221.83269038221286,217.9967684208108,220.06756591796875,1177900,0.0,0.0
2021-11-26,217.61213619073322,222.8187483534997,215.46244940986642,216.27105712890625,976500,0.0,0.0
2021-11-29,218.3714635708477,222.42432814943388,217.62203428635618,220.44227600097656,1391600,0.0,0.0
2021-11-30,219.70269136422533,223.20334313325256,217.45438857581692,218.9532470703125,3828400,0.0,0.0
2021-12-01,219.2589760101322,221.6551877986575,216.20206508040837,216.6063690185547,2042700,0.0,0.0
2021-12-02,216.94165439482381,220.83674018030638,216.44860518029012,220.08731079101562,1705600,0.0,0.0
2021-12-03,221.73408640104006,222.96670939867843,217.41497060238157,220.22535705566406,1479400,0.0,0.0
2021-12-06,219.79145639725505,221.87212447755567,217.91787558700005,219.87034606933594,1212000,0.0,0.0
2021-12-07,222.32572397326476,224.31763165759563,220.91559561402835,222.5623779296875,1296800,0.0,0.0
2021-12-08,224.3768006920966,226.65470040562218,223.5879340889701,226.42788696289062,1441800,0.0,0.0
2021-12-09,226.30955969484012,227.7788515776325,224.15000201185418,226.96038818359375,1107400,0.0,0.0
2021-12-10,226.70399699234852,228.68606423879663,226.053183538788,228.23245239257812,1188100,0.0,0.0
2021-12-13,228.3310540802425,229.7904752853794,225.8165005192756,229.12979125976562,1161000,0.0,0.0
2021-12-14,226.80262244831601,227.77886524000232,223.29211469962615,224.8994598388672,1762100,0.0,0.0
2021-12-15,227.0688480481585,229.03117393412998,224.0217930227749,228.8536834716797,1842700,0.0,0.0
2021-12-16,228.8931371153361,230.8160408757607,227.59149515781743,229.57354736328125,1537700,0.0,0.0
2021-12-17,229.34672761887873,233.1136150246703,229.0015872204955,231.05267333984375,3042700,0.0,0.0
2021-12-20,230.737136496679,231.28934911295175,226.95050775557323,231.0033721923828,1122500,0.0,0.0
2021-12-21,232.71919468215404,234.67166506853962,229.3467403614278,234.33639526367188,1509500,0.0,0.0
2021-12-22,234.8294366528476,238.33994401537691,234.33638752784822,238.21176147460938,1136700,0.0,0.0
2021-12-23,238.3399347310814,240.99254132771495,237.34398095417848,239.138671875,1172400,0.0,0.0
2021-12-27,240.9925605461024,243.2901713679254,239.70077419337483,243.0830841064453,807000,0.0,0.0
2021-12-28,243.5662931756573,244.3946121809251,240.25300210791934,240.85452270507812,1004400,0.0,0.0
2021-12-29,240.6277203942765,244.40447883037413,240.25299821130432,243.5958709716797,939900,0.0,0.0
2021-12-30,243.61558674763185,245.80472616589265,241.55464492263235,241.75186157226562,859100,0.0,0.0
2021-12-31,241.75186916527912,243.55643090710018,240.35161134823758,240.6375732421875,1073400,0.0,0.0
2022-01-03,238.92174724110845,239.85855265071626,230.0764594531898,230.77658081054688,2772700,0.0,0.0
2022-01-04,230.76673203508852,230.76673203508852,219.05187923055777,221.99044799804688,4664000,0.0,0.0
2022-01-05,223.8443227946977,223.8443227946977,212.6028077567143,213.54945373535156,4749400,0.0,0.0
2022-01-06,212.48445833780696,217.49383952784365,210.66018550336403,214.39749145507812,3103400,0.0,0.0
2022-01-07,214.11151353829928,214.39747540452478,207.84978375786216,208.1554718017578,2206500,0.0,0.0
2022-01-10,205.22675465904535,209.6444854736328,203.29401059349485,209.6444854736328,2232200,0.0,0.0
2022-01-11,209.05283893423382,210.18684595695598,205.3451147548415,209.8417205810547,2287800,0.0,0.0
2022-01-12,213.03665557865466,213.3029063145582,208.22450643465996,209.8515625,2451400,0.0,0.0
2022-01-13,209.51630379274434,210.63059966959472,203.53067998110726,204.12234497070312,2347400,0.0,0.0
2022-01-14,204.06319559892933,204.51679241522405,200.5822696162035,203.31375122070312,2209100,0.0,0.0
2022-01-18,198.99465857886307,201.4500339458648,197.545092738424,199.88214111328125,2433800,0.0,0.0
2022-01-19,200.34139334346042,203.36369755162582,197.59563886213175,198.10923767089844,2159600,0.325,0.0
2022-01-20,198.5240781885228,203.7094085889693,198.49444893475817,199.47225952148438,2844200,0.0,0.0
2022-01-21,200.60804352471789,201.20065861096404,197.8129023263858,197.86228942871094,2633000,0.0,0.0
2022-01-24,195.61039297394856,197.6746444188832,189.1608317133822,197.6055145263672,4093400,0.0,0.0
2022-01-25,196.2128933651561,196.2128933651561,191.62016340587095,192.8448944091797,2673200,0.0,0.0
2022-01-26,192.80540355259387,193.70418268940074,186.37558429731135,187.5015411376953,4532700,0.0,0.0
2022-01-27,187.9953689256049,190.40531516904838,185.2595009180176,185.348388671875,4606200,0.0,0.0
2022-01-28,186.52372681562272,193.17082156798256,183.4322777458606,192.89427185058594,2963800,0.0,0.0
2022-01-31,193.58564141714663,197.9907090723954,193.58564141714663,197.32894897460938,2591500,0.0,0.0
2022-02-01,198.51419931378868,199.96609297686985,193.68443521134435,196.42030334472656,2143200,0.0,0.0
2022-02-02,196.04497967832017,200.90437266715998,196.04497967832017,199.6796417236328,2494300,0.0,0.0
2022-02-03,196.4795455115398,199.50186466780076,196.4795455115398,198.44503784179688,1734500,0.0,0.0
2022-02-04,197.54624292877523,198.6326990005532,195.1659411056002,197.08203125,1919800,0.0,0.0
2022-02-07,197.44750953709251,199.5018898775006,197.06231416519296,197.8524627685547,3303900,0.0,0.0
2022-02-08,196.43018509695543,199.28458524328101,195.41287392489397,198.82037353515625,2880500,0.0,0.0
2022-02-09,200.61794981160799,202.78097566055928,198.98828064721388,199.7981719970703,2026900,0.0,0.0
2022-02-10,195.93632815929877,199.90679830342884,195.23506742202957,196.91412353515625,2809000,0.0,0.0
2022-02-11,196.1338822121843,199.4031070348941,194.93878042899723,196.42030334472656,3714600,0.0,0.0
2022-02-14,195.5116107673264,196.8647450916738,192.02509519275188,194.0103302001953,3381900,0.0,0.0
2022-02-15,195.35360386184493,198.96852337147993,194.11900143949666,195.323974609375,3618400,0.0,0.0
2022-02-16,194.05973637527373,194.83012705511317,188.90403562814535,192.68685913085938,2916900,0.0,0.0
2022-02-17,192.775736178097,193.15106010362425,190.61272558688896,190.69174194335938,2435500,0.0,0.0
2022-02-18,190.65223017042882,190.8497635302733,188.07437988676048,188.9633026123047,2558900,0.0,0.0
2022-02-22,188.68673960595035,189.7929535590221,186.50397109218088,187.75833129882812,2347300,0.0,0.0
2022-02-23,188.51883332812534,188.89415726064192,184.51873381926927,184.75576782226562,2070600,0.0,0.0
2022-02-24,181.74333985968724,189.33861603463652,180.76554443011833,188.5978546142578,2903200,0.0,0.0
2022-02-25,189.1213154855246,193.35847904079347,188.92378213066453,192.31153869628906,1742600,0.0,0.0
2022-02-28,190.16825992779332,193.09180488353758,189.52627274295725,191.26458740234375,2220200,0.0,0.0
2022-03-01,191.52137769580693,192.5979472196772,188.943527645572,190.16824340820312,1669100,0.0,0.0
2022-03-02,190.89915943100183,194.84001569952787,190.7707559593153,193.65480041503906,1355300,0.0,0.0
2022-03-03,194.72150718987504,194.85978207195453,192.05476870929547,193.457275390625,1052200,0.0,0.0
2022-03-04,192.55846676784913,194.53383053617787,191.06705747743004,194.41529846191406,1467800,0.0,0.0
2022-03-07,192.82513477152182,192.8350212359377,185.58542457390874,185.77308654785156,1825000,0.0,0.0
2022-03-08,183.48169168594765,185.04223107423135,178.92847700539036,179.1556396484375,2414400,0.0,0.0
2022-03-09,183.26436394674025,188.35091927008096,181.53592076898758,187.24472045898438,2630400,0.0,0.0
2022-03-10,185.08171568029934,187.26449936992944,183.8471132716654,186.88917541503906,1995100,0.0,0.0
2022-03-11,187.61018516576883,187.93612202085646,182.889066605707,183.00758361816406,1589700,0.0,0.0
2022-03-14,184.12364479411877,184.9532939136621,181.62481097186625,182.3853302001953,2044800,0.0,0.0
2022-03-15,184.06439245686195,187.3336170096677,183.34338891723158,186.780517578125,1261600,0.0,0.0
2022-03-16,188.35091991916957,191.3238518404796,185.16071186278407,189.55589294433594,2064000,0.0,0.0
2022-03-17,190.16829356424856,192.26218973956853,189.753468915482,191.29425048828125,2199700,0.0,0.0
2022-03-18,194.24738140256366,194.7313509190439,190.98802838790726,193.4868621826172,2613700,0.0,0.0
2022-03-21,192.8053796188537,194.2375152801254,190.12875518738858,192.31153869628906,1891000,0.0,0.0
2022-03-22,192.77574742656645,194.94865967921993,190.9781741921703,194.45481872558594,2374700,0.0,0.0
2022-03-23,193.6350388838511,194.32641319745247,188.49909603460281,188.87440490722656,2115200,0.0,0.0
2022-03-24,189.64480989059936,189.97074674963974,186.67189258237912,187.23487854003906,3445900,0.0,0.0
2022-03-25,188.44970731117897,189.22009797842495,185.83234126455605,187.09657287597656,2363100,0.0,0.0
2022-03-28,187.88671473594033,189.0620585527157,185.28912170989034,187.0373077392578,2995800,0.0,0.0
2022-03-29,189.52628840774366,192.20291311811417,189.37814214386896,189.91148376464844,2557400,0.0,0.0
2022-03-30,189.45714354733056,190.40530970291587,187.24473073291603,188.9633026123047,2612700,0.0,0.0
2022-03-31,190.0793746539377,192.49919224401629,186.16816285163964,186.2669219970703,2477600,0.0,0.0
2022-04-01,186.4447178466711,189.19047234308985,184.40020906471727,188.75588989257812,1831400,0.0,0.0
2022-04-04,188.7855153401109,189.6151645084632,184.87428843514624,186.4150848388672,2603600,0.0,0.0
2022-04-05,186.41509271889575,188.39045657704344,185.3780236792022,186.0792694091797,2059300,0.0,0.0
2022-04-06,185.84221580808375,189.96084720981403,184.22241821792485,189.02255249023438,2843500,0.0,0.0
2022-04-07,188.84477223996737,196.88450213174008,188.61760962764245,195.4918670654297,2781400,0.0,0.0
2022-04-08,195.35360319467443,198.84013428864267,195.1560698219394,197.62527465820312,2455500,0.0,0.0
2022-04-11,196.51907212613997,197.41786628712887,189.64479935632826,190.12876892089844,2252200,0.0,0.0
2022-04-12,189.7435672941584,190.92878254051817,184.8446585194872,185.59530639648438,1746500,0.0,0.0
2022-04-13,185.6743185388703,187.7286986189577,183.75821331653734,187.1854705810547,1517800,0.0,0.0
2022-04-14,187.56079234278204,188.16327892247875,184.02490429827435,184.99282836914062,1819400,0.0,0.0
2022-04-18,184.25207192770293,184.91381702980132,179.48156627116046,180.55813598632812,1857000,0.0,0.0
2022-04-19,180.98285872874732,184.11380892292868,180.52851836848572,183.64959716796875,1615300,0.0,0.0
2022-04-20,184.0304904378634,188.77966740409045,183.19938862050844,185.79164123535156,2085000,0.325,0.0
2022-04-21,186.58318149976634,187.07788714110717,181.76475338421662,182.76405334472656,2179900,0.0,0.0
2022-04-22,181.8933477326205,183.39725695364578,179.65728390051416,180.0233612060547,2016700,0.0,0.0
2022-04-25,178.7767236708276,179.19227458995576,174.57172579969523,178.39085388183594,2097000,0.0,0.0
2022-04-26,177.0650335605655,177.777395729356,174.93779043946589,175.09609985351562,2449100,0.0,0.0
2022-04-27,176.04594017220018,178.32158911455383,175.18515719768737,176.58023071289062,1621200,0.0,0.0
2022-04-28,177.18378418031241,180.2905351770354,176.2933049179841,179.39016723632812,2339000,0.0,0.0
2022-04-29,178.09401927781204,179.93432474757145,174.91800262458221,175.37313842773438,2251800,0.0,0.0
2022-05-02,174.52225368369827,175.3731479816021,169.73350675001532,172.82046508789062,3513000,0.0,0.0
2022-05-03,172.83035610924088,174.9971692401005,171.75190143134847,173.28549194335938,2152200,0.0,0.0
2022-05-04,170.35683652726848,175.83818378126728,166.22110439087487,174.98728942871094,3747100,0.0,0.0
2022-05-05,178.0940050001126,178.5293483167785,167.68539559177447,169.63453674316406,2855200,0.0,0.0
2022-05-06,167.87339461825906,169.52570949214723,165.74616660089333,167.41827392578125,3339500,0.0,0.0
2022-05-09,165.231696525398,166.61686638552564,159.39417556129257,160.09664916992188,2984600,0.0,0.0
2022-05-10,162.25355692883994,163.00550404665165,157.39554404985333,160.927734375,2851900,0.0,0.0
2022-05-11,160.1559894570074,162.37227602628232,157.573625567198,158.20684814453125,3355200,0.0,0.0
2022-05-12,156.66336541957196,161.9468175919271,156.5941144862861,161.35317993164062,2396600,0.0,0.0
2022-05-13,163.74754378537762,166.23096031352972,162.46130628302814,163.579345703125,2239300,0.0,0.0
2022-05-16,162.89667951141055,164.45006253419928,160.5418757330556,163.74757385253906,2457600,0.0,0.0
2022-05-17,166.06278285556286,166.7652714954789,163.25285849033423,164.66770935058594,1871900,0.0,0.0
2022-05-18,163.05497694185996,163.45073540278463,156.42592458945768,157.17787170410156,2614000,0.0,0.0
2022-05-19,156.46548520523595,158.65209058102104,155.0110495460901,156.95030212402344,2956600,0.0,0.0
2022-05-20,159.89874645080593,161.0860368848388,157.32627126272052,160.83868408203125,2467600,0.0,0.0
2022-05-23,161.97652121800843,163.10444943102627,160.63092132377514,161.27403259277344,1909600,0.0,0.0
2022-05-24,161.15531873495004,162.1348262679955,159.611839509481,161.32351684570312,1689300,0.0,0.0
2022-05-25,160.7298658193627,162.82742808262907,159.85919412438702,161.30372619628906,1735500,0.0,0.0
2022-05-26,162.09526736887153,164.80625997121925,161.18501071558865,164.14334106445312,1596300,0.0,0.0
2022-05-27,165.3602895835098,170.30734531115894,165.3602895835098,170.2776641845703,2043100,0.0,0.0
2022-05-31,168.8727033421305,170.9306805347709,166.97303557135876,169.12005615234375,4268000,0.0,0.0
2022-06-01,169.06070456187044,170.0105460558039,163.91576880421167,165.25148010253906,1733600,0.0,0.0
2022-06-02,165.88469649359007,170.99006224987315,164.65782108865776,170.87132263183594,1399900,0.0,0.0
2022-06-03,168.96175607728463,169.24867868459128,166.84441669780892,167.2203826904297,1208300,0.0,0.0
2022-06-06,168.6847205383801,170.3271316527505,168.1999036164875,169.19920349121094,1414900,0.0,0.0
2022-06-07,168.89249200595248,172.37522372285923,168.89249200595248,171.93988037109375,1473400,0.0,0.0
2022-06-08,171.2671044841371,172.7413176797071,169.35753279765433,169.47625732421875,1310300,0.0,0.0
2022-06-09,168.26917531778898,169.35751861365534,164.60834168498982,164.72708129882812,1327300,0.0,0.0
2022-06-10,162.382155128881,163.43092854538583,159.71074801005975,159.78001403808594,1606200,0.0,0.0
2022-06-13,156.0400625398181,156.31709649563948,152.69584751955094,154.3184814453125,2285300,0.0,0.0
2022-06-14,152.86404433712795,156.6139064842401,152.86404433712795,156.1291046142578,2197000,0.0,0.0
2022-06-15,157.45491776106263,158.53337248269554,153.85346113956226,156.39625549316406,1758000,0.0,0.0
2022-06-16,154.3580269810341,156.45558887025473,152.54740277771805,155.72341918945312,2003400,0.0,0.0
2022-06-17,155.64426889345503,159.83937769346596,155.15946708188662,157.14817810058594,3865100,0.0,0.0
2022-06-21,158.5729590836765,161.0464874242339,158.4641232328032,160.29452514648438,2080200,0.0,0.0
2022-06-22,159.47327708187038,164.50939115677318,159.38423370439824,162.47120666503906,2137700,0.0,0.0
2022-06-23,164.26205335354072,167.58647562388185,163.83659868257882,167.37869262695312,1535600,0.0,0.0
2022-06-24,170.17874429106232,172.8303593391652,169.57520279172272,172.7611083984375,3255000,0.0,0.0
2022-06-27,171.99924407620335,173.35474772328416,171.09887623631244,171.7617950439453,1378400,0.0,0.0
2022-06-28,171.12858892076676,172.82047382719017,168.20981344266764,168.3186492919922,1725800,0.0,0.0
2022-06-29,170.1787469947634,173.29538661304747,168.3483300143625,172.0784149169922,1658000,0.0,0.0
2022-06-30,170.61406441635833,171.7123114179557,168.03170066110053,170.06988525390625,2220700,0.0,0.0
2022-07-01,170.2479866356939,172.6522485231926,168.69460385790453,172.36532592773438,1498400,0.0,0.0
2022-07-05,170.45576589117348,172.4444770330785,167.75467745424214,172.4049072265625,1853100,0.0,0.0
2022-07-06,173.01835631852558,177.97531679769358,172.55333178061522,176.60992431640625,1883300,0.0,0.0
2022-07-07,175.83817509798814,178.09403162411616,175.630392084984,177.2035675048828,1317300,0.0,0.0
2022-07-08,175.62050002670588,177.5696414319628,175.20494910591447,176.0954132080078,1301700,0.0,0.0
2022-07-11,175.96677995549211,176.57032136393028,174.66074998422945,175.16534423828125,1008700,0.0,0.0
2022-07-12,174.82895648756983,177.31238826842247,171.3165436987439,171.9695587158203,1643000,0.0,0.0
2022-07-13,168.59566777928208,169.15963942780292,165.28114921266604,166.03309631347656,2271500,0.0,0.0
2022-07-14,165.16243875188013,169.12998815203994,163.99494053950127,168.9815673828125,1570500,0.0,0.0
2022-07-15,171.73211846990026,173.35475232130975,171.33634491027746,172.69183349609375,2409300,0.0,0.0
2022-07-18,172.98867288011266,174.42331628557167,169.46637096969957,169.9412841796875,1834500,0.0,0.0
2022-07-19,172.1377590623616,175.83816244369285,171.58369119718193,175.5413360595703,1838700,0.0,0.0
2022-07-20,175.98242672581014,176.6168113712565,174.1090083880918,174.70375061035156,1944300,0.325,0.0
2022-07-21,174.22796646516784,179.1642724760012,174.22796646516784,179.01559448242188,1878400,0.0,0.0
2022-07-22,178.6785907206844,179.57070418124414,175.70490943533562,176.61683654785156,1224500,0.0,0.0
2022-07-25,176.4483169914235,177.13226605756108,172.56270887466522,173.6431427001953,1291300,0.0,0.0
2022-07-26,173.3457858151955,175.19937549960034,172.4338587732719,174.83262634277344,1354900,0.0,0.0
2022-07-27,174.1585643030999,176.57716037294816,173.7819083638884,175.9130401611328,1312600,0.0,0.0
2022-07-28,176.17078017492074,182.19744248173743,175.7941241791303,180.67095947265625,1318400,0.0,0.0
2022-07-29,180.60156606832373,181.27560832946148,178.32174082097544,180.94850158691406,1752000,0.0,0.0
2022-08-01,179.41208755152303,180.52225695496017,177.76664709648315,178.16314697265625,1243500,0.0,0.0
2022-08-02,178.24245916124585,179.96718458477653,176.0518406794419,177.26113891601562,1180200,0.0,0.0
2022-08-03,178.06402547587766,179.26341685338866,176.85472727290514,178.5794677734375,1659900,0.0,0.0
2022-08-04,179.63015921825402,180.30418632229907,171.30385841870702,172.78077697753906,2390900,0.0,0.0
2022-08-05,170.23333872878635,173.54403344029708,169.15288975114112,173.07815551757812,1523500,0.0,0.0
2022-08-08,173.068233840784,174.98129461997476,171.87874938489483,172.4833984375,1231700,0.0,0.0
2022-08-09,172.16620943967845,172.28515183237266,167.80480183351034,168.06253051757812,1415200,0.0,0.0
2022-08-10,170.4514065572739,172.72130979865693,170.33244902884866,172.53297424316406,1377100,0.0,0.0
2022-08-11,172.26533940271824,174.0198154860318,171.19482751705743,171.6606903076172,1367100,0.0,0.0
2022-08-12,173.64313854003905,174.23788078980303,171.15516421587122,174.12884521484375,1185200,0.0,0.0
2022-08-15,173.63324034929929,174.6244673982477,171.72017940479265,172.9195556640625,1243600,0.0,0.0
2022-08-16,172.29508745099193,172.64200783218104,167.70570151974678,170.2828826904297,2210700,0.0,0.0
2022-08-17,170.19367925617837,173.22683156991417,169.74763011443915,170.947021484375,1367200,0.0,0.0
2022-08-18,170.9470117618231,171.42279647762322,168.27068681375428,168.67709350585938,1297900,0.0,0.0
2022-08-19,169.2321826045321,170.36218078707716,167.68587089419933,168.03280639648438,1223200,0.0,0.0
2022-08-22,166.45673203080108,167.02173864404057,162.60085985641925,163.5920867919922,1606800,0.0,0.0
2022-08-23,161.99620513595755,162.9180540186507,160.4895511367025,160.9950714111328,1320300,0.0,0.0
2022-08-24,161.7682385786002,162.43235883391824,160.66797603622595,161.2032470703125,1206400,0.0,0.0
2022-08-25,162.11517933484112,164.1868401407359,160.93561678150738,164.0778045654297,1088800,0.0,0.0
2022-08-26,164.2562538250197,164.78160299219135,158.2593266833318,158.4873046875,1468000,0.0,0.0
2022-08-29,156.92114290744166,157.74386312696643,156.14798706257235,156.48500061035156,1236900,0.0,0.0
2022-08-30,157.08963113261754,157.35726662421638,155.38471969526222,155.70191955566406,1918800,0.0,0.0
2022-08-31,156.7724583112899,158.01149200091837,154.83956878045413,155.15675354003906,2149000,0.0,0.0
2022-09-01,154.42323806648474,158.34850339721265,153.36263310743823,158.01148986816406,1839400,0.0,0.0
2022-09-02,159.29016383315414,160.30121953169999,154.69087150584386,155.60279846191406,1529500,0.0,0.0
2022-09-06,156.37597738392725,158.13045353578724,154.84949434850049,155.46405029296875,1692000,0.0,0.0
2022-09-07,155.82088956854702,159.41904860772465,155.03782685233764,158.99281311035156,1506400,0.0,0.0
2022-09-08,157.4167483553473,159.23069547553837,153.13465582770314,157.0995635986328,3039700,0.0,0.0
2022-09-09,160.09307623519342,163.16588615618372,159.6470270853528,162.86851501464844,2453100,0.0,0.0
2022-09-12,162.90817090982833,165.7430808637708,162.90817090982833,164.890625,2129400,0.0,0.0
2022-09-13,160.91578406481344,162.05570416507862,159.02253690583674,159.57763671875,2264400,0.0,0.0
2022-09-14,159.76597300084012,160.29133726654794,157.89255443042504,158.82431030273438,1785400,0.0,0.0
2022-09-15,159.0621842320739,160.27148227815505,157.31763030695274,157.7834930419922,1641600,0.0,0.0
2022-09-16,157.34738275795718,157.56545391257032,153.9474662109787,155.92001342773438,2699000,0.0,0.0
2022-09-19,154.62150474935268,155.90018092086652,153.60054215215695,155.81097412109375,1616100,0.0,0.0
2022-09-20,154.07631870452946,154.62149654910033,150.41868885858992,151.59825134277344,1991000,0.0,0.0
2022-09-21,151.9947296524692,154.4430613124933,149.5463979924451,149.9131622314453,1554900,0.0,0.0
2022-09-22,148.78317310307415,150.1609779757842,147.65317497095887,148.14878845214844,1937300,0.0,0.0
2022-09-23,147.59370709517398,149.1400340546874,146.56283758042338,148.73362731933594,1626200,0.0,0.0
2022-09-26,148.4362305863749,150.06184212269122,146.9890326348741,147.29632568359375,1631100,0.0,0.0
2022-09-27,148.77325875134133,149.81405013997718,146.4736199461394,148.0893096923828,1930900,0.0,0.0
2022-09-28,149.9924689689294,152.64894992850137,148.77324893345207,150.92420959472656,2079200,0.0,0.0
2022-09-29,150.72596440045976,151.22157786494893,148.68403934675197,149.62570190429688,1642000,0.0,0.0
2022-09-30,149.10036252527206,150.69623858956845,146.74123744111472,146.98904418945312,2437200,0.0,0.0
2022-10-03,147.97036958814303,151.50905733946078,147.0088781606103,150.022216796875,1580200,0.0,0.0
2022-10-04,151.89561731107412,153.94744915221494,151.26123269292884,153.39236450195312,1676300,0.0,0.0
2022-10-05,151.4000340891331,154.26467982943936,150.66652058342487,153.23379516601562,1260200,0.0,0.0
2022-10-06,152.44079691494417,153.59062388936377,150.90440713222935,151.25132751464844,1324100,0.0,0.0
2022-10-07,149.7545923820212,150.0816991406654,145.66081961087067,146.07713317871094,2022600,0.0,0.0
2022-10-10,146.8007064700512,146.8007064700512,143.17281247182217,144.5010528564453,1569000,0.0,0.0
2022-10-11,144.49116473552954,147.18730339878198,143.33143095481728,144.96694946289062,1583400,0.0,0.0
2022-10-12,145.64097304661644,146.7115000010009,144.31273252216522,144.5803680419922,1474200,0.0,0.0
2022-10-13,140.75425106231006,148.54529683174198,140.62538669671346,147.33599853515625,1478200,0.0,0.0
2022-10-14,148.39660613503443,149.54641800123605,143.8369557219072,144.12440490722656,2625400,0.0,0.0
2022-10-17,145.83922370382854,149.09044683879114,145.72026618674855,148.4758758544922,2180400,0.0,0.0
2022-10-18,152.36151780665443,153.03554494642484,148.45608077644172,149.10037231445312,2783100,0.0,0.0
2022-10-19,148.0893069883064,148.69395606019322,144.60019885619832,146.83045959472656,1983700,0.0,0.0
2022-10-20,146.2158836893494,146.91966148718976,142.905189266937,143.16290283203125,2327200,0.0,0.0
2022-10-21,142.6772168002116,146.39431805021744,140.8731764002454,145.9185333251953,2354100,0.0,0.0
2022-10-24,147.40535680419268,149.32832425721332,147.01877892382745,148.05955505371094,1356600,0.0,0.0
2022-10-25,147.95054375019373,151.21168920830695,147.95054375019373,150.96388244628906,2065600,0.0,0.0
2022-10-26,150.85484353370742,153.56088908018907,149.80414530594877,150.3394012451172,2162300,0.0,0.0
2022-10-27,151.27116137644114,151.61809689544972,148.20827340833796,149.81405639648438,2343700,0.0,0.0
2022-10-28,150.76563162548402,152.53001446233048,149.19949116217424,151.93527221679688,1615500,0.0,0.0
2022-10-31,151.09589986892607,152.31769534944493,148.8410294667334,149.77476501464844,1899000,0.325,0.0
2022-11-01,150.39063619910507,153.8772453338342,149.3774472766069,151.70184326171875,2286200,0.0,0.0
2022-11-02,151.85082329835453,152.18856806538497,146.20869867157725,146.3775634765625,2638300,0.0,0.0
2022-11-03,133.25562844926645,133.25562844926645,123.3223050913753,130.2657012939453,8065500,0.0,0.0
2022-11-04,130.9610376448245,132.93777605155006,127.00757598843423,132.77883911132812,4314500,0.0,0.0
2022-11-07,133.28542899525942,137.72562919522773,132.63976853866245,136.94090270996094,3940800,0.0,0.0
2022-11-08,136.62303010646642,139.5136331117407,134.3483039399175,135.30191040039062,2552400,0.0,0.0
2022-11-09,135.03371800161867,135.03371800161867,132.00404870193876,132.2821807861328,3186200,0.0,0.0
2022-11-10,137.39786299022435,142.06652625334422,135.83832250580966,141.6592559814453,4381500,0.0,0.0
2022-11-11,142.36450360850304,148.27483237434217,141.54996321147632,147.55963134765625,4129600,0.0,0.0
2022-11-14,148.0066508317004,148.55298713799493,145.4041226270673,145.47364807128906,2492800,0.0,0.0
2022-11-15,148.7019719642185,150.73830798655288,147.1126479923697,148.82118225097656,2916100,0.0,0.0
2022-11-16,148.81124142551022,150.4502502684525,146.84444597104093,147.29144287109375,2358500,0.0,0.0
2022-11-17,145.62263845884704,145.90077051416003,141.768501182281,142.64263916015625,2816800,0.0,0.0
2022-11-18,145.15577555688364,145.94050206274602,143.1989080725604,144.66903686523438,2410500,0.0,0.0
2022-11-21,144.36112702428917,147.1424632324391,142.8711271081799,146.34779357910156,1998900,0.0,0.0
2022-11-22,147.10270597841168,148.20530640692306,145.81136982186646,147.6391143798828,1628500,0.0,0.0
2022-11-23,147.70865378344632,150.19198695114736,147.39079501965324,149.46685791015625,1445900,0.0,0.0
2022-11-25,149.46684789193338,149.84431935838347,147.65897419163213,149.0993194580078,889500,0.0,0.0
2022-11-28,148.46359106803902,148.98011343400847,146.83452517884282,147.1424560546875,1633300,0.0,0.0
2022-11-29,146.58618676580284,148.3543186391831,145.4537723734632,146.86431884765625,1767100,0.0,0.0
2022-11-30,147.10269734616776,153.1520923781452,145.93057154598816,153.11236572265625,4194100,0.0,0.0
2022-12-01,154.95997051889722,156.47976901719076,154.15537309710191,155.595703125,2367800,0.0,0.0
2022-12-02,153.08258337784739,156.85725265111267,151.3839768999063,156.37051391601562,1946100,0.0,0.0
2022-12-05,154.5924365577731,155.6254963217181,153.54943376222244,154.29443359375,2087400,0.0,0.0
2022-12-06,153.19184584110738,154.46331111229642,151.07604129522585,152.02964782714844,1964800,0.0,0.0
2022-12-07,151.9402457888032,152.76469896777925,148.3841112813542,149.24830627441406,2444100,0.0,0.0
2022-12-08,149.52644771814812,153.32098787678592,148.20531272267246,152.6554412841797,2267500,0.0,0.0
2022-12-09,152.91370686699022,155.28777247881905,151.72171012361852,152.36737060546875,3274900,0.0,0.0
2022-12-12,153.04285169293976,153.4401789056848,151.1654374150939,151.84091186523438,1851800,0.0,0.0
2022-12-13,157.15524882668817,157.4234378717769,151.06611159272347,153.9368438720703,3655900,0.0,0.0
2022-12-14,152.74485071108202,155.05931889052223,150.22177589012068,150.7681121826172,2182000,0.0,0.0
2022-12-15,148.51323656245287,150.34098111181711,147.54970217646527,147.7185821533203,1947400,0.0,0.0
2022-12-16,146.32790819086108,146.5861845179513,142.9605093199308,143.49691772460938,5216000,0.0,0.0
2022-12-19,142.88104259156535,143.4770485691394,141.06324103273224,142.23538208007812,1833700,0.0,0.0
2022-12-20,141.7585775266727,142.1459768407494,139.82156579922852,141.52017211914062,2045900,0.0,0.0
2022-12-21,142.2651787939373,145.1756377265734,141.82810977101525,143.95384216308594,1647500,0.0,0.0
2022-12-22,142.75193355127936,144.1326662159329,140.9043330284925,144.06312561035156,1541800,0.0,0.0
2022-12-23,143.54657205326237,144.91737668875163,142.5830376583259,144.78823852539062,1017900,0.0,0.0
2022-12-27,144.93724793300282,145.17563819568596,142.61285192947338,144.33131408691406,957900,0.0,0.0
2022-12-28,144.21209966916845,145.66237273956375,142.8115114448248,142.87110900878906,1443900,0.0,0.0
2022-12-29,144.23196287129548,147.51989300221243,144.17236531051492,147.16229248046875,1298900,0.0,0.0
2022-12-30,146.21862797567533,146.80469086171854,143.7750370595703,145.57296752929688,1249500,0.0,0.0
2023-01-03,147.66890216410178,147.79802516019623,144.24190600328924,145.8709716796875,1840600,0.0,0.0
2023-01-04,148.02653177663592,149.80459170451817,146.97360090969372,147.96693420410156,1796100,0.0,0.0
2023-01-05,146.36764294685887,147.1920961075511,143.30817508387972,144.4803009033203,1560900,0.0,0.0
2023-01-06,145.61271303034115,147.62917825365938,140.57652148840376,146.6557159423828,1761200,0.0,0.0
2023-01-09,148.00664337347698,148.52318086949583,146.01997701947056,146.07957458496094,1700500,0.0,0.0
2023-01-10,146.12925147052047,153.65871914179758,146.12925147052047,153.33091735839844,2639100,0.0,0.0
2023-01-11,154.9599782917384,157.50290884370372,153.89710449857853,156.84730529785156,3270800,0.0,0.0
2023-01-12,156.53937751541574,159.39025414564847,155.76457882126437,158.8439178466797,2540900,0.0,0.0
2023-01-13,157.52277204577487,160.32396363465392,157.32410844806998,159.84716796875,2466800,0.0,0.0
2023-01-17,159.6187234657532,161.29745909493232,157.94991571259985,158.50619506835938,3349900,0.0,0.0
2023-01-18,159.35050029899287,161.25769810654035,158.45650653694463,158.90350341796875,2738100,0.0,0.0
2023-01-19,158.50025516612735,162.4530549452648,158.02233919070926,161.248291015625,2907700,0.375,0.0
2023-01-20,162.16432059571594,164.22535910141838,161.37775015081152,163.10025024414062,4856000,0.0,0.0
2023-01-23,161.6864018401779,166.82404842398464,160.66086580255103,166.0275115966797,2724900,0.0,0.0
2023-01-24,166.07729494517744,168.83529739206077,164.11582931096189,165.17123413085938,2361800,0.0,0.0
2023-01-25,164.7231883915986,165.99764122617114,163.07037714927992,164.79287719726562,1804400,0.0,0.0
2023-01-26,166.14698816658998,167.57080022589,165.40023773349125,167.5110626220703,1530700,0.0,0.0
2023-01-27,166.25651378778193,166.963444222767,163.78726325227458,164.4643096923828,1831700,0.0,0.0
2023-01-30,163.28942514016637,164.9123675809598,163.11021233188737,163.98638916015625,1950600,0.0,0.0
2023-01-31,163.78724851558974,164.99201246908333,161.91538938518408,164.77296447753906,2692000,0.0,0.0
2023-02-01,164.7331409776661,168.01884589141116,163.76734254438728,167.08291625976562,2878400,0.0,0.0
2023-02-02,166.5452597699569,170.5179622455375,165.98768855883517,170.25909423828125,2620200,0.0,0.0
2023-02-03,168.0287995810591,168.68594361206846,165.71885946206993,167.07296752929688,1994400,0.0,0.0
2023-02-06,165.6392051411765,165.6491563443624,163.35913381211887,164.21539306640625,1929600,0.0,0.0
2023-02-07,162.86129615461047,165.5894146423524,162.06475933182566,164.85263061523438,1755200,0.0,0.0
2023-02-08,164.08594966337424,164.2850800552092,160.52145943663112,161.36778259277344,2031900,0.0,0.0
2023-02-09,162.46301060689498,164.00629776179045,159.84440108328545,160.1132354736328,1868400,0.0,0.0
2023-02-10,159.1175804654119,159.59549649048253,157.18598357354426,157.6439971923828,2338200,0.0,0.0
2023-02-13,157.45481509663048,162.6024128510446,157.39507749367684,162.4331512451172,2349200,0.0,0.0
2023-02-14,172.68853324284268,175.89458305843374,168.20803054073207,171.1551971435547,3532400,0.0,0.0
2023-02-15,171.1551960478259,174.51060504761224,170.01018477502092,174.26168823242188,2510800,0.0,0.0
2023-02-16,172.87770359087716,175.71534604112006,171.7525947750423,173.1763916015625,1951100,0.0,0.0
2023-02-17,171.40411266066567,172.53917272888668,169.5223021477551,171.28463745117188,1954500,0.0,0.0
2023-02-21,170.78679068790433,171.3344106771001,167.9292307342948,169.10411071777344,1791300,0.0,0.0
2023-02-22,167.67035851659617,168.3772889475823,165.15132159411255,165.70889282226562,2103800,0.0,0.0
2023-02-23,166.65478482901787,168.99459369001212,165.4500208030974,168.76559448242188,1769000,0.0,0.0
2023-02-24,166.2764244326667,167.34179564217484,163.1998163932985,165.6093292236328,1843200,0.0,0.0
2023-02-27,167.27208854247257,167.68031573813388,164.2751357587832,164.7530517578125,1183700,0.0,0.0
2023-02-28,164.48422416136182,167.81971547523415,164.3249137575409,166.27642822265625,2935200,0.0,0.0
2023-03-01,165.2409387884961,167.2123556333981,165.2409387884961,166.84396362304688,1594200,0.0,0.0
2023-03-02,165.6989340533075,168.58637805679695,165.35045964796151,167.84957885742188,1606700,0.0,0.0
2023-03-03,169.6716551391094,169.97035834458237,167.40153508579667,169.8209991455078,1663200,0.0,0.0
2023-03-06,170.05996908195115,171.23484914269375,168.885073828532,168.9348602294922,1489500,0.0,0.0
2023-03-07,168.86516164582943,170.16948323501947,166.10715927321598,166.30628967285156,1287600,0.0,0.0
2023-03-08,166.07729300375502,168.39719941691786,165.977720206082,167.90931701660156,960100,0.0,0.0
2023-03-09,168.15822542716256,169.70151255803015,166.40585670136088,166.76429748535156,1527500,0.0,0.0
2023-03-10,162.29375592171948,162.65219672655425,159.37645827646998,160.8301239013672,3326400,0.0,0.0
2023-03-13,161.28813499174387,164.1755637909925,159.15740779416726,162.7019805908203,2772100,0.0,0.0
2023-03-14,165.24094338676508,166.1370378341087,161.76605921717294,163.8470001220703,1911300,0.0,0.0
2023-03-15,161.29809274940288,162.97080641876389,159.42623347806202,162.86129760742188,1824100,0.0,0.0
2023-03-16,161.80587794765108,166.1171189264899,161.54700993422324,165.58941650390625,2040500,0.0,0.0
2023-03-17,166.56515885179078,167.6603988465503,162.9409308591445,163.75738525390625,3605100,0.0,0.0
2023-03-20,163.2894255915518,165.23097364998927,162.99072238425154,165.10154724121094,2145800,0.0,0.0
2023-03-21,165.92794164156882,166.26648005403567,164.42448955884632,165.5197296142578,2453500,0.0,0.0
2023-03-22,164.67339070959034,165.2210106852105,160.62103327535127,160.68077087402344,1475600,0.0,0.0
2023-03-23,161.29808342461573,164.73313216271595,158.69939147284543,160.5413818359375,3560800,0.0,0.0
2023-03-24,160.3024136360679,164.22534469873514,159.27687767107727,163.4686279296875,1864900,0.0,0.0
2023-03-27,165.33054285765624,166.07729326334334,163.5980764470989,164.9920196533203,1273500,0.0,0.0
2023-03-28,164.85262298039504,165.28075257711657,163.3292382113083,164.3249053955078,1098300,0.0,0.0
2023-03-29,165.84830874427448,166.0773079683456,160.58122024189865,161.9552459716797,2512200,0.0,0.0
2023-03-30,163.1201608724153,163.93660008459898,162.4729680701709,163.4387664794922,1318400,0.0,0.0
2023-03-31,164.38466636457824,165.7686432117448,163.31929513201104,165.71885681152344,1705000,0.0,0.0
2023-04-03,166.0673224538302,167.19243123014928,163.4885481009777,166.93356323242188,1926200,0.0,0.0
2023-04-04,166.66473598251497,168.69589043426924,165.76864155817435,166.34613037109375,1737900,0.0,0.0
2023-04-05,166.27643684280943,167.87946178175557,165.57947278080613,166.92361450195312,1216200,0.0,0.0
2023-04-06,167.5409278550524,168.27771187670203,165.64915101589472,168.20802307128906,1594900,0.0,0.0
2023-04-10,167.17250606245045,170.4781282465556,166.01754373108793,170.129638671875,1686100,0.0,0.0
2023-04-11,170.8067239105456,171.68290078073412,170.0898422577788,170.46820068359375,1197900,0.0,0.0
2023-04-12,172.16081885540595,174.03266285665887,170.41840125887575,170.70713806152344,1852200,0.0,0.0
2023-04-13,171.7525835265741,173.25603545503793,170.18937880721055,172.78807067871094,1324900,0.0,0.0
2023-04-14,172.1110393956174,173.90324346283623,171.86212258607802,173.843505859375,1193700,0.0,0.0
2023-04-17,173.25604571460408,174.05258252100992,171.5634144964141,173.8634033203125,1285100,0.0,0.0
2023-04-18,175.17770253898246,175.17770253898246,172.1010943099595,173.69415283203125,1396100,0.0,0.0
2023-04-19,173.2759667048516,175.1876459620437,173.17639390484814,174.2218475341797,1241800,0.0,0.0
2023-04-20,173.628144638257,174.62595022482884,172.01170446010818,174.0172882080078,1297800,0.375,0.0
2023-04-21,175.37429922951515,176.87100756512015,174.5361462156494,176.49185180664062,1177400,0.0,0.0
2023-04-24,176.6016229447091,177.05063243063066,175.33440553862806,175.96302795410156,1117700,0.0,0.0
2023-04-25,175.46412685467737,175.88320339398194,172.37092329870282,172.6403350830078,1151200,0.0,0.0
2023-04-26,171.99174460442376,173.09930941787374,171.12365861358364,172.5605010986328,1205200,0.0,0.0
2023-04-27,173.4884568050954,173.74789600828936,170.78441212401276,173.5682830810547,1682900,0.0,0.0
2023-04-28,173.8476700840756,176.65150145917013,173.67804495456622,175.39427185058594,1606700,0.0,0.0
2023-05-01,175.33440002546624,179.5451408460823,175.154787101562,179.1659698486328,1689900,0.0,0.0
2023-05-02,179.08615066167366,179.49525462508038,175.7135779769626,176.51181030273438,2620300,0.0,0.0
2023-05-03,178.59722585132317,180.18373306595018,176.90094418882128,177.33998107910156,2513900,0.0,0.0
2023-05-04,167.63134314448868,182.3589485253588,167.16237328790527,178.078369140625,3592200,0.0,0.0
2023-05-05,179.60501013988875,187.4078573330016,176.5217944532273,185.8213348388672,4224400,0.0,0.0
2023-05-08,185.90115214018493,186.63953373844566,183.0973209421871,184.4643096923828,1976100,0.0,0.0
2023-05-09,183.23701452116546,184.89337542374707,182.96760275380467,183.9654083251953,1904200,0.0,0.0
2023-05-10,185.5918475835374,186.08077782441055,182.94766874841036,184.73373413085938,1610500,0.0,0.0
2023-05-11,185.43218159712654,185.87121847952983,182.79797552801148,184.71376037597656,1539100,0.0,0.0
2023-05-12,183.97539826167286,184.22484965741748,181.39107023052682,183.21705627441406,1267700,0.0,0.0
2023-05-15,183.19711232332676,183.9155335657951,182.31903853246433,183.44656372070312,1060600,0.0,0.0
2023-05-16,182.4687009395376,183.2170551220647,180.44315683685537,181.05181884765625,1175300,0.0,0.0
2023-05-17,181.94985344254215,182.02966449060344,177.33000873912184,178.54733276367188,1714500,0.0,0.0
2023-05-18,178.5273750383911,179.77463203079992,175.47409235702315,179.32562255859375,1836600,0.0,0.0
2023-05-19,180.43318049406852,181.7403033362027,178.79677999146244,179.15599060058594,1755200,0.0,0.0
2023-05-22,178.4675127558223,181.02189269199658,177.86882329721035,179.12606811523438,1911400,0.0,0.0
2023-05-23,177.48966581803657,177.58943724331326,171.02387453802007,172.2910919189453,2301700,0.0,0.0
2023-05-24,170.7644558757882,171.01390728470022,168.15020998248826,168.7688446044922,2437900,0.0,0.0
2023-05-25,169.25776141371205,169.59701164883396,163.21106217763798,164.8773956298828,3626300,0.0,0.0
2023-05-26,165.29647355547823,166.26434617157312,163.98935070134925,164.3784942626953,1909400,0.0,0.0
2023-05-30,163.79977305996465,165.08693560141023,160.23759971393412,160.5868377685547,2185000,0.0,0.0
2023-05-31,160.6466989727533,162.96161523504122,158.30184976097934,162.65228271484375,5471200,0.0,0.0
2023-06-01,162.54252352847448,165.82531242570224,161.25536102436746,165.63572692871094,2136100,0.0,0.0
2023-06-02,166.593636217025,172.09153980780985,166.1446114991483,171.50283813476562,3056300,0.0,0.0
2023-06-05,172.08156266943,172.28112074691364,169.63692673801313,170.74449157714844,1500200,0.0,0.0
2023-06-06,171.413020519428,171.58266087285807,167.96062160525778,169.7666473388672,1802900,0.0,0.0
2023-06-07,169.76664099572957,169.76664099572957,162.48265720707735,163.22103881835938,3195100,0.0,0.0
2023-06-08,162.60241249097322,164.50820967687403,162.02368339737257,163.93946838378906,1984000,0.0,0.0
2023-06-09,163.37071169402103,163.8696145095011,162.59242451989655,162.73211669921875,1346600,0.0,0.0
2023-06-12,163.48046750930453,165.24658770231665,162.4028356233296,165.1867218017578,1423000,0.0,0.0
2023-06-13,165.25656259236862,166.90295100732715,165.18672411584006,165.6457061767578,1867700,0.0,0.0
2023-06-14,166.71335362259953,167.0526038565471,164.76763583930665,165.28648376464844,1645400,0.0,0.0
2023-06-15,165.33638080602506,171.7722237225785,165.0470238882804,171.05380249023438,1836000,0.0,0.0
2023-06-16,171.85204646036667,172.59042805211527,169.89635609889876,170.36532592773438,3287700,0.0,0.0
2023-06-20,168.15020883076707,169.53715804580585,166.52378078370296,168.5393524169922,2844000,0.0,0.0
2023-06-21,167.72113688648386,170.05599829794048,167.37191406742093,169.50721740722656,2318200,0.0,0.0
2023-06-22,170.27552083846555,170.7744236422411,169.07815715446534,169.78660583496094,1679400,0.0,0.0
2023-06-23,168.72892782649728,169.30764165831252,166.82311553542547,168.00051879882812,2412100,0.0,0.0
2023-06-26,167.54154645760136,168.00052851977887,164.18891894239025,167.17234802246094,1729200,0.0,0.0
2023-06-27,168.4295947787974,170.7145629912165,166.78320634052943,170.2954864501953,1452300,0.0,0.0
2023-06-28,170.0160900956876,170.42519403257617,168.3796895734379,168.7289276123047,1686800,0.0,0.0
2023-06-29,168.2799083773802,171.53276437810712,167.83089890236784,171.4928436279297,1429000,0.0,0.0
2023-06-30,172.90972418407415,174.2966733467029,171.29328399857584,171.8321075439453,2061100,0.0,0.0
2023-07-03,170.15579004159255,170.3254151688404,168.32980394196397,169.8564453125,742900,0.0,0.0
2023-07-05,168.8286983261667,169.34756148235505,167.10249896412066,168.97837829589844,1702400,0.0,0.0
2023-07-06,167.26215822623254,169.35754085889337,166.71336209911712,168.10031127929688,1564300,0.0,0.0
2023-07-07,167.86082830406758,168.26993224555997,165.6357261258241,166.77322387695312,1315400,0.0,0.0
2023-07-10,166.42398502766562,170.15578335641746,166.03484146272584,169.84646606445312,1280100,0.0,0.0
2023-07-11,170.1657634961833,171.0837580635602,169.0881468263687,169.7666473388672,1081300,0.0,0.0
2023-07-12,171.57266322632978,172.7101609572384,170.13582078196,171.4828643798828,1471800,0.0,0.0
2023-07-13,172.03166539509567,172.5904340893466,170.56488996003455,170.624755859375,1001500,0.0,0.0
2023-07-14,171.28331329680546,172.98955235008853,170.7444897455438,171.81214904785156,2455900,0.0,0.0
2023-07-17,172.1414272388202,172.1414272388202,169.30764774936955,170.3553466796875,1639400,0.0,0.0
2023-07-18,170.085955222217,171.1136938081276,168.7688444760175,170.70458984375,1032000,0.0,0.0
2023-07-19,171.62256422125128,172.69022352775093,170.28550836336828,170.51499938964844,1844100,0.0,0.0
2023-07-20,170.8800048828125,172.30999755859375,170.00999450683594,171.61000061035156,2910800,0.375,0.0
2023-07-21,172.52999877929688,184.85000610351562,172.52999877929688,183.50999450683594,4346600,0.0,0.0
2023-07-24,183.1999969482422,186.17999267578125,182.3000030517578,185.5800018310547,2950200,0.0,0.0
2023-07-25,184.5,193.27999877929688,184.33999633789062,190.14999389648438,3952800,0.0,0.0
2023-07-26,189.38999938964844,192.88999938964844,188.1699981689453,192.0,2922500,0.0,0.0
2023-07-27,192.8000030517578,194.99000549316406,188.47999572753906,188.69000244140625,2173400,0.0,0.0
2023-07-28,190.5,191.27999877929688,187.86000061035156,189.89999389648438,1899800,0.0,0.0
2023-07-31,189.17999267578125,190.08999633789062,186.44000244140625,188.08999633789062,1500800,0.0,0.0
2023-08-01,187.4600067138672,188.77000427246094,184.7899932861328,185.50999450683594,1535300,0.0,0.0
2023-08-02,184.22999572753906,185.8699951171875,181.66000366210938,182.0,2284800,0.0,0.0
2023-08-03,180.61000061035156,183.25999450683594,179.75999450683594,180.8800048828125,1688000,0.0,0.0
2023-08-04,180.13999938964844,182.4600067138672,178.33999633789062,178.6300048828125,1827500,0.0,0.0
2023-08-07,180.19000244140625,181.8800048828125,180.02999877929688,180.69000244140625,1941700,0.0,0.0
2023-08-08,182.14999389648438,190.5399932861328,177.25,189.3000030517578,4118000,0.0,0.0
2023-08-09,189.94000244140625,190.9499969482422,186.97000122070312,189.35000610351562,2270000,0.0,0.0
2023-08-10,190.0,191.8300018310547,187.72999572753906,189.10000610351562,2348500,0.0,0.0
2023-08-11,188.47999572753906,191.60000610351562,188.17999267578125,190.8300018310547,1742900,0.0,0.0
2023-08-14,190.2100067138672,192.52000427246094,188.82000732421875,189.64999389648438,1352400,0.0,0.0
2023-08-15,189.14999389648438,190.77000427246094,188.52000427246094,189.14999389648438,1001200,0.0,0.0
2023-08-16,187.97999572753906,189.10000610351562,185.86000061035156,186.27000427246094,1205300,0.0,0.0
2023-08-17,186.4199981689453,186.61000061035156,181.86000061035156,182.77000427246094,2197100,0.0,0.0
2023-08-18,181.0500030517578,182.4199981689453,180.02999877929688,181.57000732421875,2027200,0.0,0.0
2023-08-21,181.86000061035156,182.6300048828125,179.97000122070312,180.80999755859375,860200,0.0,0.0
2023-08-22,179.64999389648438,182.5,179.16000366210938,181.82000732421875,1286400,0.0,0.0
2023-08-23,182.80999755859375,184.67999267578125,182.30999755859375,184.25,1022900,0.0,0.0
2023-08-24,184.3000030517578,185.22999572753906,181.35000610351562,181.55999755859375,1210300,0.0,0.0
2023-08-25,183.0800018310547,185.00999450683594,181.44000244140625,182.82000732421875,879700,0.0,0.0
2023-08-28,184.50999450683594,187.92999267578125,184.3000030517578,186.97999572753906,1546900,0.0,0.0
2023-08-29,187.3000030517578,192.8699951171875,186.86000061035156,192.77000427246094,2423800,0.0,0.0
2023-08-30,192.6999969482422,194.3699951171875,191.82000732421875,192.6999969482422,1673500,0.0,0.0
2023-08-31,192.25999450683594,193.27999877929688,190.47000122070312,190.50999450683594,1893000,0.0,0.0
2023-09-01,192.97000122070312,193.35000610351562,191.17999267578125,192.52000427246094,1174300,0.0,0.0
2023-09-05,191.66000366210938,192.38999938964844,189.39999389648438,190.42999267578125,1673000,0.0,0.0
2023-09-06,189.47999572753906,189.83999633789062,186.36000061035156,186.86000061035156,1356800,0.0,0.0
2023-09-07,186.94000244140625,188.27000427246094,185.4199981689453,187.77999877929688,1159600,0.0,0.0
2023-09-08,187.22000122070312,187.75,184.72000122070312,185.77999877929688,1562200,0.0,0.0
2023-09-11,186.16000366210938,187.1999969482422,185.4600067138672,186.07000732421875,1069100,0.0,0.0
2023-09-12,185.22999572753906,189.75999450683594,184.99000549316406,187.6999969482422,1675700,0.0,0.0
2023-09-13,186.4600067138672,187.27000427246094,181.1699981689453,182.0,1935700,0.0,0.0
2023-09-14,183.3800048828125,183.9199981689453,180.5800018310547,182.74000549316406,2000700,0.0,0.0
2023-09-15,180.2899932861328,183.4499969482422,179.08999633789062,180.25,3257500,0.0,0.0
2023-09-18,179.5800018310547,181.4600067138672,178.05999755859375,179.64999389648438,1228200,0.0,0.0
2023-09-19,178.8699951171875,182.60000610351562,178.83999633789062,181.97999572753906,1373600,0.0,0.0
2023-09-20,183.2100067138672,184.44000244140625,181.4199981689453,181.47999572753906,1485500,0.0,0.0
2023-09-21,179.25,180.55999755859375,177.6649932861328,179.2050018310547,697031,0.0,0.0
